Date,Adj Close,Close,High,Low,Open,Volume
2019-04-17,18.989999771118164,18.989999771118164,20.0,18.059999465942383,18.5,4341800
2019-04-18,18.5,18.5,19.530000686645508,18.5,18.649999618530273,504100
2019-04-22,18.790000915527344,18.790000915527344,19.0,18.5,18.540000915527344,214300
2019-04-23,19.489999771118164,19.489999771118164,19.5,18.75,18.899999618530273,231900
2019-04-24,18.979999542236328,18.979999542236328,19.559999465942383,18.704999923706055,19.559999465942383,105700
2019-04-25,19.110000610351562,19.110000610351562,19.43000030517578,18.850000381469727,18.989999771118164,98600
2019-04-26,19.15999984741211,19.15999984741211,19.389999389648438,18.899999618530273,19.149999618530273,42500
2019-04-29,19.979999542236328,19.979999542236328,20.6200008392334,19.010000228881836,19.209999084472656,86000
2019-04-30,19.979999542236328,19.979999542236328,20.209999084472656,19.049999237060547,19.920000076293945,66200
2019-05-01,20.0,20.0,20.139999389648438,19.735000610351562,20.139999389648438,37600
2019-05-02,19.8799991607666,19.8799991607666,20.0,19.40999984741211,19.780000686645508,59400
2019-05-03,19.889999389648438,19.889999389648438,19.989999771118164,19.433000564575195,19.989999771118164,22700
2019-05-06,19.799999237060547,19.799999237060547,19.940000534057617,19.43000030517578,19.43000030517578,24300
2019-05-07,19.389999389648438,19.389999389648438,19.875,19.19499969482422,19.780000686645508,28200
2019-05-08,19.649999618530273,19.649999618530273,19.989999771118164,19.0,19.290000915527344,20800
2019-05-09,19.290000915527344,19.290000915527344,19.940000534057617,19.110000610351562,19.489999771118164,14600
2019-05-10,19.110000610351562,19.110000610351562,19.479999542236328,18.799999237060547,19.110000610351562,59000
2019-05-13,19.329999923706055,19.329999923706055,19.780000686645508,18.5,18.5,31300
2019-05-14,20.0,20.0,20.280000686645508,19.172000885009766,19.399999618530273,40100
2019-05-15,20.190000534057617,20.190000534057617,20.600000381469727,19.827999114990234,20.600000381469727,97600
2019-05-16,19.770000457763672,19.770000457763672,21.15999984741211,19.5,20.09000015258789,112700
2019-05-17,22.299999237060547,22.299999237060547,22.600000381469727,20.139999389648438,20.68000030517578,216800
2019-05-20,23.3799991607666,23.3799991607666,23.979999542236328,21.309999465942383,21.959999084472656,303900
2019-05-21,23.459999084472656,23.459999084472656,24.74799919128418,23.020000457763672,23.56999969482422,207400
2019-05-22,23.6200008392334,23.6200008392334,24.3700008392334,23.18400001525879,23.309999465942383,50300
2019-05-23,22.729999542236328,22.729999542236328,24.100000381469727,22.422000885009766,23.520000457763672,79100
2019-05-24,24.360000610351562,24.360000610351562,24.600000381469727,22.75,22.81999969482422,103600
2019-05-28,23.75,23.75,24.399999618530273,23.440000534057617,24.190000534057617,70200
2019-05-29,24.1299991607666,24.1299991607666,24.39900016784668,23.270000457763672,23.5,82800
2019-05-30,23.700000762939453,23.700000762939453,24.0,22.479999542236328,23.8700008392334,61700
2019-05-31,23.200000762939453,23.200000762939453,24.270000457763672,22.40999984741211,23.510000228881836,70600
2019-06-03,23.389999389648438,23.389999389648438,23.75,22.774999618530273,23.290000915527344,107400
2019-06-04,23.709999084472656,23.709999084472656,23.90999984741211,22.65999984741211,23.469999313354492,40000
2019-06-05,23.739999771118164,23.739999771118164,23.829999923706055,23.079999923706055,23.829999923706055,27900
2019-06-06,23.40999984741211,23.40999984741211,23.979999542236328,23.0,23.719999313354492,41800
2019-06-07,22.90999984741211,22.90999984741211,23.816999435424805,22.850000381469727,23.479999542236328,51900
2019-06-10,23.40999984741211,23.40999984741211,23.924999237060547,23.010000228881836,23.010000228881836,118100
2019-06-11,23.209999084472656,23.209999084472656,24.209999084472656,22.399999618530273,23.365999221801758,139500
2019-06-12,23.5,23.5,24.09000015258789,23.149999618530273,23.670000076293945,97100
2019-06-13,24.670000076293945,24.670000076293945,25.989999771118164,23.5,23.610000610351562,122000
2019-06-14,24.700000762939453,24.700000762939453,25.790000915527344,24.09000015258789,24.700000762939453,126200
2019-06-17,24.799999237060547,24.799999237060547,25.200000762939453,24.709999084472656,24.770000457763672,77900
2019-06-18,24.829999923706055,24.829999923706055,25.270000457763672,24.760000228881836,24.989999771118164,24900
2019-06-19,23.84000015258789,23.84000015258789,25.649999618530273,23.3700008392334,25.15999984741211,106700
2019-06-20,23.549999237060547,23.549999237060547,24.309999465942383,23.493999481201172,24.100000381469727,88800
2019-06-21,23.350000381469727,23.350000381469727,24.020000457763672,22.760000228881836,23.350000381469727,330800
2019-06-24,24.350000381469727,24.350000381469727,24.874000549316406,23.139999389648438,23.139999389648438,100100
2019-06-25,23.329999923706055,23.329999923706055,24.329999923706055,23.31999969482422,24.329999923706055,71600
2019-06-26,24.459999084472656,24.459999084472656,24.93000030517578,23.309999465942383,23.309999465942383,70200
2019-06-27,24.829999923706055,24.829999923706055,25.5,24.5,24.5,144000
2019-06-28,24.040000915527344,24.040000915527344,25.75,23.770000457763672,24.8700008392334,837500
2019-07-01,23.829999923706055,23.829999923706055,24.3799991607666,23.5,24.209999084472656,175000
2019-07-02,24.059999465942383,24.059999465942383,24.190000534057617,23.469999313354492,23.559999465942383,98300
2019-07-03,24.190000534057617,24.190000534057617,24.47599983215332,23.690000534057617,24.200000762939453,98100
2019-07-05,24.200000762939453,24.200000762939453,24.399999618530273,23.899999618530273,23.899999618530273,30700
2019-07-08,24.3700008392334,24.3700008392334,24.6299991607666,23.989999771118164,24.059999465942383,171700
2019-07-09,24.56999969482422,24.56999969482422,24.719999313354492,24.25,24.25,101400
2019-07-10,25.15999984741211,25.15999984741211,25.350000381469727,24.399999618530273,24.56999969482422,117800
2019-07-11,25.190000534057617,25.190000534057617,25.709999084472656,24.8700008392334,25.469999313354492,75100
2019-07-12,25.600000381469727,25.600000381469727,26.3700008392334,25.149999618530273,25.200000762939453,80600
2019-07-15,25.760000228881836,25.760000228881836,26.023000717163086,25.40999984741211,25.65999984741211,42500
2019-07-16,25.420000076293945,25.420000076293945,26.350000381469727,25.382999420166016,25.6299991607666,38300
2019-07-17,24.84000015258789,24.84000015258789,25.85300064086914,24.43000030517578,25.420000076293945,65800
2019-07-18,25.360000610351562,25.360000610351562,25.530000686645508,24.459999084472656,24.780000686645508,45800
2019-07-19,26.450000762939453,26.450000762939453,27.0,25.450000762939453,25.450000762939453,205900
2019-07-22,26.389999389648438,26.389999389648438,27.452999114990234,25.860000610351562,26.5,80100
2019-07-23,27.0,27.0,27.33300018310547,26.25,26.420000076293945,112100
2019-07-24,27.170000076293945,27.170000076293945,27.389999389648438,26.59000015258789,26.920000076293945,77600
2019-07-25,26.84000015258789,26.84000015258789,27.523000717163086,26.554000854492188,27.100000381469727,46600
2019-07-26,27.079999923706055,27.079999923706055,27.209999084472656,26.590999603271484,26.920000076293945,116700
2019-07-29,27.190000534057617,27.190000534057617,27.43000030517578,26.489999771118164,27.329999923706055,73400
2019-07-30,28.610000610351562,28.610000610351562,29.0,26.98900032043457,27.209999084472656,145200
2019-07-31,28.649999618530273,28.649999618530273,29.5,28.08099937438965,28.579999923706055,75000
2019-08-01,28.829999923706055,28.829999923706055,29.354999542236328,28.2450008392334,28.420000076293945,47900
2019-08-02,28.75,28.75,29.030000686645508,27.489999771118164,28.65999984741211,97400
2019-08-05,28.1200008392334,28.1200008392334,29.139999389648438,27.799999237060547,27.989999771118164,116400
2019-08-06,29.34000015258789,29.34000015258789,29.34000015258789,28.200000762939453,28.200000762939453,106000
2019-08-07,29.420000076293945,29.420000076293945,30.565000534057617,28.690000534057617,28.920000076293945,97300
2019-08-08,29.219999313354492,29.219999313354492,29.83099937438965,28.83300018310547,29.59000015258789,57300
2019-08-09,29.729999542236328,29.729999542236328,29.959999084472656,29.1200008392334,29.350000381469727,41500
2019-08-12,29.84000015258789,29.84000015258789,30.55299949645996,29.540000915527344,29.770000457763672,99900
2019-08-13,34.33000183105469,34.33000183105469,34.7400016784668,30.110000610351562,31.729999542236328,593300
2019-08-14,34.09000015258789,34.09000015258789,34.70000076293945,33.40999984741211,34.33000183105469,208000
2019-08-15,35.130001068115234,35.130001068115234,35.38999938964844,32.869998931884766,33.849998474121094,147900
2019-08-16,36.529998779296875,36.529998779296875,37.7400016784668,34.869998931884766,34.869998931884766,234900
2019-08-19,36.86000061035156,36.86000061035156,38.2400016784668,36.41999816894531,37.54999923706055,106300
2019-08-20,34.95000076293945,34.95000076293945,37.91999816894531,34.4900016784668,36.86000061035156,132000
2019-08-21,35.099998474121094,35.099998474121094,35.77000045776367,34.86000061035156,35.220001220703125,106200
2019-08-22,34.279998779296875,34.279998779296875,35.7599983215332,34.04999923706055,35.0,71600
2019-08-23,33.83000183105469,33.83000183105469,34.54100036621094,32.81999969482422,34.220001220703125,105300
2019-08-26,33.88999938964844,33.88999938964844,35.000999450683594,33.31999969482422,34.13999938964844,50500
2019-08-27,33.310001373291016,33.310001373291016,34.70000076293945,33.0099983215332,33.880001068115234,84900
2019-08-28,32.79999923706055,32.79999923706055,34.72999954223633,32.56999969482422,33.40999984741211,55100
2019-08-29,34.560001373291016,34.560001373291016,34.97999954223633,32.79999923706055,32.79999923706055,93700
2019-08-30,34.029998779296875,34.029998779296875,35.380001068115234,33.54999923706055,34.86000061035156,42600
2019-09-03,33.97999954223633,33.97999954223633,34.25,33.00899887084961,33.9900016784668,40700
2019-09-04,35.040000915527344,35.040000915527344,35.494998931884766,34.14500045776367,34.25,80200
2019-09-05,34.91999816894531,34.91999816894531,35.599998474121094,33.599998474121094,35.279998779296875,55100
2019-09-06,34.77000045776367,34.77000045776367,35.42499923706055,33.189998626708984,34.88999938964844,44100
2019-09-09,35.38999938964844,35.38999938964844,35.86000061035156,34.2400016784668,34.880001068115234,175200
2019-09-10,34.959999084472656,34.959999084472656,35.31999969482422,33.5,35.31999969482422,108900
2019-09-11,34.77000045776367,34.77000045776367,35.88999938964844,33.619998931884766,34.959999084472656,134400
2019-09-12,34.540000915527344,34.540000915527344,35.560001373291016,34.0099983215332,34.79999923706055,146600
2019-09-13,35.040000915527344,35.040000915527344,35.79999923706055,34.26499938964844,34.63999938964844,73800
2019-09-16,34.31999969482422,34.31999969482422,35.220001220703125,34.09000015258789,34.88999938964844,84200
2019-09-17,34.29999923706055,34.29999923706055,35.0,34.0,34.290000915527344,54800
2019-09-18,34.65999984741211,34.65999984741211,34.900001525878906,33.83000183105469,34.310001373291016,54600
2019-09-19,35.91999816894531,35.91999816894531,36.9900016784668,34.20000076293945,34.68000030517578,104000
2019-09-20,37.939998626708984,37.939998626708984,37.939998626708984,35.459999084472656,35.88999938964844,265100
2019-09-23,38.0099983215332,38.0099983215332,40.9900016784668,37.34700012207031,37.90999984741211,351800
2019-09-24,35.58000183105469,35.58000183105469,36.52000045776367,34.22100067138672,36.52000045776367,217400
2019-09-25,36.79999923706055,36.79999923706055,37.16999816894531,34.880001068115234,35.47999954223633,186500
2019-09-26,36.5,36.5,37.5,35.5099983215332,37.13999938964844,2039300
2019-09-27,36.540000915527344,36.540000915527344,37.02000045776367,35.790000915527344,37.02000045776367,305600
2019-09-30,39.41999816894531,39.41999816894531,40.70000076293945,36.599998474121094,36.599998474121094,458100
2019-10-01,38.540000915527344,38.540000915527344,40.39699935913086,38.025001525878906,39.540000915527344,232000
2019-10-02,37.61000061035156,37.61000061035156,38.845001220703125,36.88999938964844,38.36000061035156,427600
2019-10-03,37.709999084472656,37.709999084472656,39.54999923706055,37.459999084472656,37.54999923706055,460200
2019-10-04,38.45000076293945,38.45000076293945,39.349998474121094,37.314998626708984,37.720001220703125,681800
2019-10-07,38.9900016784668,38.9900016784668,39.5,38.0099983215332,38.70000076293945,267400
2019-10-08,38.02000045776367,38.02000045776367,38.66999816894531,37.81999969482422,38.66999816894531,182600
2019-10-09,38.0,38.0,38.290000915527344,37.619998931884766,38.040000915527344,125300
2019-10-10,38.75,38.75,38.90999984741211,37.68000030517578,37.880001068115234,268600
2019-10-11,39.40999984741211,39.40999984741211,40.0,39.119998931884766,39.119998931884766,270300
2019-10-14,40.900001525878906,40.900001525878906,41.88999938964844,39.27000045776367,39.970001220703125,321200
2019-10-15,40.65999984741211,40.65999984741211,41.814998626708984,40.189998626708984,41.029998779296875,295400
2019-10-16,41.779998779296875,41.779998779296875,42.04999923706055,40.0,40.97999954223633,239900
2019-10-17,42.15999984741211,42.15999984741211,42.58000183105469,40.939998626708984,42.16999816894531,162500
2019-10-18,43.47999954223633,43.47999954223633,43.79999923706055,42.183998107910156,42.27000045776367,124100
2019-10-21,45.09000015258789,45.09000015258789,45.650001525878906,43.814998626708984,44.04999923706055,181100
2019-10-22,46.619998931884766,46.619998931884766,46.68000030517578,44.529998779296875,45.540000915527344,293500
2019-10-23,43.0099983215332,43.0099983215332,46.400001525878906,42.56999969482422,46.04999923706055,332000
2019-10-24,42.959999084472656,42.959999084472656,43.52000045776367,42.33000183105469,43.0099983215332,82800
2019-10-25,44.119998931884766,44.119998931884766,44.38999938964844,42.5890007019043,42.77000045776367,91600
2019-10-28,44.91999816894531,44.91999816894531,45.5099983215332,43.89500045776367,44.400001525878906,147900
2019-10-29,45.439998626708984,45.439998626708984,45.540000915527344,44.26300048828125,44.849998474121094,146300
2019-10-30,44.84000015258789,44.84000015258789,45.72999954223633,44.47999954223633,45.38999938964844,144000
2019-10-31,45.150001525878906,45.150001525878906,45.290000915527344,44.31999969482422,44.84000015258789,106000
2019-11-01,44.099998474121094,44.099998474121094,46.09000015258789,43.9900016784668,45.38999938964844,180400
2019-11-04,40.81999969482422,40.81999969482422,44.099998474121094,39.400001525878906,44.099998474121094,455600
2019-11-05,43.04999923706055,43.04999923706055,43.380001068115234,39.43000030517578,42.0099983215332,347700
2019-11-06,44.0,44.0,45.279998779296875,42.486000061035156,43.630001068115234,249200
2019-11-07,44.84000015258789,44.84000015258789,46.349998474121094,44.06999969482422,44.939998626708984,223600
2019-11-08,45.119998931884766,45.119998931884766,46.284000396728516,44.92499923706055,45.0099983215332,110500
2019-11-11,44.86000061035156,44.86000061035156,45.887001037597656,44.72999954223633,45.279998779296875,119100
2019-11-12,44.61000061035156,44.61000061035156,45.90999984741211,44.130001068115234,45.04999923706055,110700
2019-11-13,45.2400016784668,45.2400016784668,45.58700180053711,43.72999954223633,44.34000015258789,302300
2019-11-14,45.54999923706055,45.54999923706055,46.224998474121094,45.119998931884766,45.43000030517578,184200
2019-11-15,46.5,46.5,47.16999816894531,45.36000061035156,45.779998779296875,185700
2019-11-18,47.869998931884766,47.869998931884766,49.4739990234375,47.029998779296875,47.029998779296875,205000
2019-11-19,48.15999984741211,48.15999984741211,49.777000427246094,47.959999084472656,48.09000015258789,190900
2019-11-20,50.31999969482422,50.31999969482422,51.0099983215332,48.25,48.2599983215332,185400
2019-11-21,50.709999084472656,50.709999084472656,51.810001373291016,49.67900085449219,50.81999969482422,117400
2019-11-22,48.849998474121094,48.849998474121094,51.06999969482422,48.529998779296875,50.779998779296875,200400
2019-11-25,50.7599983215332,50.7599983215332,51.720001220703125,49.65399932861328,50.0,127700
2019-11-26,52.189998626708984,52.189998626708984,53.220001220703125,51.2400016784668,51.439998626708984,318100
2019-11-27,53.77000045776367,53.77000045776367,54.599998474121094,52.255001068115234,52.7599983215332,164700
2019-11-29,54.56999969482422,54.56999969482422,55.66999816894531,53.9900016784668,53.9900016784668,97800
2019-12-02,52.970001220703125,52.970001220703125,55.2760009765625,52.119998931884766,54.86000061035156,232600
2019-12-03,50.25,50.25,53.172000885009766,48.599998474121094,51.65999984741211,282800
2019-12-04,50.560001373291016,50.560001373291016,51.38999938964844,49.81999969482422,50.529998779296875,263500
2019-12-05,50.79999923706055,50.79999923706055,52.23899841308594,50.130001068115234,50.5099983215332,164200
2019-12-06,51.75,51.75,52.150001525878906,50.9900016784668,50.9900016784668,147600
2019-12-09,53.029998779296875,53.029998779296875,54.4370002746582,52.20000076293945,52.45000076293945,198100
2019-12-10,54.11000061035156,54.11000061035156,54.75,52.35599899291992,52.93000030517578,287900
2019-12-11,54.31999969482422,54.31999969482422,55.45500183105469,53.959999084472656,54.099998474121094,129800
2019-12-12,51.119998931884766,51.119998931884766,55.439998626708984,50.27000045776367,54.150001525878906,283700
2019-12-13,50.7599983215332,50.7599983215332,52.66999816894531,50.5,51.040000915527344,143100
2019-12-16,53.880001068115234,53.880001068115234,54.154998779296875,50.88999938964844,51.599998474121094,376200
2019-12-17,53.77000045776367,53.77000045776367,54.29999923706055,53.20000076293945,54.15999984741211,212900
2019-12-18,53.45000076293945,53.45000076293945,54.310001373291016,52.84000015258789,53.63999938964844,164400
2019-12-19,53.4900016784668,53.4900016784668,53.900001525878906,53.29999923706055,53.86000061035156,153200
2019-12-20,55.5099983215332,55.5099983215332,56.45000076293945,53.209999084472656,53.779998779296875,1135300
2019-12-23,52.279998779296875,52.279998779296875,56.75,51.599998474121094,55.900001525878906,264800
2019-12-24,52.369998931884766,52.369998931884766,52.6349983215332,51.0099983215332,52.20000076293945,62200
2019-12-26,51.97999954223633,51.97999954223633,53.78799819946289,51.43000030517578,52.060001373291016,76000
2019-12-27,50.63999938964844,50.63999938964844,51.957000732421875,47.560001373291016,51.900001525878906,305400
2019-12-30,48.599998474121094,48.599998474121094,50.900001525878906,47.790000915527344,50.65999984741211,246700
2019-12-31,50.4900016784668,50.4900016784668,50.970001220703125,48.459999084472656,48.459999084472656,208200
2020-01-02,48.43000030517578,48.43000030517578,50.9900016784668,45.5099983215332,50.599998474121094,440900
2020-01-03,48.720001220703125,48.720001220703125,49.290000915527344,46.31399917602539,47.540000915527344,198400
2020-01-06,51.75,51.75,51.9900016784668,47.900001525878906,48.0,179600
2020-01-07,50.040000915527344,50.040000915527344,52.0,50.0,52.0,142200
2020-01-08,50.79999923706055,50.79999923706055,51.96500015258789,49.220001220703125,49.4900016784668,238900
2020-01-09,50.529998779296875,50.529998779296875,51.5,50.0,50.869998931884766,321300
2020-01-10,48.540000915527344,48.540000915527344,49.0099983215332,46.52000045776367,48.290000915527344,2632200
2020-01-13,49.68000030517578,49.68000030517578,50.0099983215332,48.470001220703125,48.58000183105469,804600
2020-01-14,48.41999816894531,48.41999816894531,50.45000076293945,48.0099983215332,49.970001220703125,546500
2020-01-15,48.0,48.0,48.95000076293945,47.650001525878906,48.689998626708984,388200
2020-01-16,48.72999954223633,48.72999954223633,49.20000076293945,47.84000015258789,48.2400016784668,317600
2020-01-17,48.560001373291016,48.560001373291016,49.132999420166016,47.744998931884766,49.130001068115234,268500
2020-01-21,48.720001220703125,48.720001220703125,49.542999267578125,48.29999923706055,48.65999984741211,352900
2020-01-22,51.0099983215332,51.0099983215332,51.45000076293945,48.75,48.97999954223633,400400
2020-01-23,51.7599983215332,51.7599983215332,53.56999969482422,50.54999923706055,51.099998474121094,514400
2020-01-24,51.90999984741211,51.90999984741211,53.25,51.0,52.02000045776367,687600
2020-01-27,52.310001373291016,52.310001373291016,53.0,50.29999923706055,50.880001068115234,165600
2020-01-28,54.529998779296875,54.529998779296875,56.0099983215332,52.72999954223633,52.79999923706055,526000
2020-01-29,52.7599983215332,52.7599983215332,56.30799865722656,52.0,54.849998474121094,264400
2020-01-30,53.689998626708984,53.689998626708984,53.70000076293945,51.95000076293945,52.58000183105469,165600
2020-01-31,53.45000076293945,53.45000076293945,54.79100036621094,53.0,53.709999084472656,149200
2020-02-03,53.86000061035156,53.86000061035156,54.709999084472656,53.439998626708984,53.59000015258789,202200
2020-02-04,54.70000076293945,54.70000076293945,58.900001525878906,53.09000015258789,54.41999816894531,421500
2020-02-05,54.25,54.25,56.375999450683594,53.709999084472656,55.189998626708984,179200
2020-02-06,53.61000061035156,53.61000061035156,55.310001373291016,53.130001068115234,54.439998626708984,193600
2020-02-07,53.95000076293945,53.95000076293945,54.18000030517578,52.0,53.47999954223633,286200
2020-02-10,58.279998779296875,58.279998779296875,58.47999954223633,54.25,54.25,285500
2020-02-11,58.09000015258789,58.09000015258789,59.880001068115234,56.849998474121094,59.41999816894531,203700
2020-02-12,58.060001373291016,58.060001373291016,58.74399948120117,57.5099983215332,58.15999984741211,155800
2020-02-13,58.869998931884766,58.869998931884766,59.15800094604492,56.900001525878906,57.810001373291016,112800
2020-02-14,57.83000183105469,57.83000183105469,60.05500030517578,57.56999969482422,59.2599983215332,249300
2020-02-18,56.619998931884766,56.619998931884766,60.209999084472656,55.61000061035156,58.40999984741211,445200
2020-02-19,57.619998931884766,57.619998931884766,59.86000061035156,52.0,52.59000015258789,593500
2020-02-20,61.47999954223633,61.47999954223633,62.959999084472656,59.07500076293945,59.369998931884766,466300
2020-02-21,60.02000045776367,60.02000045776367,61.415000915527344,57.7599983215332,61.099998474121094,211900
2020-02-24,57.849998474121094,57.849998474121094,59.619998931884766,56.0,58.099998474121094,238300
2020-02-25,54.619998931884766,54.619998931884766,58.790000915527344,52.84000015258789,57.91999816894531,456900
2020-02-26,53.040000915527344,53.040000915527344,55.41999816894531,52.040000915527344,54.540000915527344,252500
2020-02-27,51.779998779296875,51.779998779296875,54.0,50.099998474121094,51.25,302100
2020-02-28,50.810001373291016,50.810001373291016,51.20000076293945,49.02899932861328,50.099998474121094,291600
2020-03-02,52.63999938964844,52.63999938964844,53.53900146484375,51.38399887084961,51.75,240500
2020-03-03,54.06999969482422,54.06999969482422,55.970001220703125,52.54999923706055,53.25,235100
2020-03-04,55.91999816894531,55.91999816894531,56.470001220703125,54.25,55.349998474121094,235000
2020-03-05,55.810001373291016,55.810001373291016,56.52000045776367,54.13999938964844,54.849998474121094,372700
2020-03-06,54.36000061035156,54.36000061035156,55.11000061035156,53.119998931884766,53.88999938964844,216500
2020-03-09,50.93000030517578,50.93000030517578,53.0,48.02000045776367,50.650001525878906,461200
2020-03-10,51.119998931884766,51.119998931884766,52.959999084472656,48.52000045776367,51.9900016784668,267100
2020-03-11,47.5099983215332,47.5099983215332,51.81999969482422,47.20000076293945,49.849998474121094,229100
2020-03-12,42.5099983215332,42.5099983215332,45.834999084472656,41.90999984741211,44.91999816894531,249700
2020-03-13,47.11000061035156,47.11000061035156,47.47999954223633,40.900001525878906,44.43000030517578,409500
2020-03-16,41.959999084472656,41.959999084472656,43.35499954223633,39.209999084472656,40.83000183105469,346700
2020-03-17,47.25,47.25,47.974998474121094,41.38999938964844,42.5,354500
2020-03-18,42.61000061035156,42.61000061035156,46.0,39.42100143432617,45.18000030517578,232200
2020-03-19,43.61000061035156,43.61000061035156,47.44499969482422,39.97999954223633,42.25,296900
2020-03-20,47.93000030517578,47.93000030517578,51.939998626708984,44.470001220703125,44.470001220703125,1095600
2020-03-23,46.150001525878906,46.150001525878906,48.63999938964844,43.0099983215332,48.0,305500
2020-03-24,50.9900016784668,50.9900016784668,54.720001220703125,46.904998779296875,48.0099983215332,255400
2020-03-25,50.84000015258789,50.84000015258789,52.957000732421875,48.2859992980957,49.220001220703125,224600
2020-03-26,56.29999923706055,56.29999923706055,58.47999954223633,50.970001220703125,50.970001220703125,277100
2020-03-27,55.540000915527344,55.540000915527344,58.314998626708984,54.63999938964844,54.689998626708984,380700
2020-03-30,59.2599983215332,59.2599983215332,59.58000183105469,54.689998626708984,56.22999954223633,287700
2020-03-31,58.15999984741211,58.15999984741211,60.20000076293945,56.856998443603516,58.5,222000
2020-04-01,54.720001220703125,54.720001220703125,57.2599983215332,53.150001525878906,55.630001068115234,217500
2020-04-02,54.459999084472656,54.459999084472656,58.0,50.33000183105469,54.22999954223633,244600
2020-04-03,48.9900016784668,48.9900016784668,54.439998626708984,47.15999984741211,54.439998626708984,223500
2020-04-06,52.54999923706055,52.54999923706055,54.22999954223633,48.92599868774414,50.560001373291016,266700
2020-04-07,50.41999816894531,50.41999816894531,54.9900016784668,49.66999816894531,53.86000061035156,225600
2020-04-08,53.61000061035156,53.61000061035156,56.529998779296875,50.54999923706055,50.54999923706055,169800
2020-04-09,56.63999938964844,56.63999938964844,56.97999954223633,53.790000915527344,54.54999923706055,150300
2020-04-13,51.83000183105469,51.83000183105469,57.88999938964844,51.75,56.619998931884766,185800
2020-04-14,56.52000045776367,56.52000045776367,57.439998626708984,53.75,53.84000015258789,166600
2020-04-15,55.869998931884766,55.869998931884766,57.900001525878906,54.39099884033203,54.72999954223633,192300
2020-04-16,55.2400016784668,55.2400016784668,57.5,52.5099983215332,56.83000183105469,176100
2020-04-17,58.189998626708984,58.189998626708984,60.99700164794922,55.2400016784668,56.88999938964844,459100
2020-04-20,63.349998474121094,63.349998474121094,65.50199890136719,58.09000015258789,58.09000015258789,604400
2020-04-21,55.15999984741211,55.15999984741211,65.55000305175781,54.040000915527344,64.43000030517578,541400
2020-04-22,58.974998474121094,58.974998474121094,62.31999969482422,56.71500015258789,62.31999969482422,390400
2020-04-23,56.27000045776367,56.27000045776367,61.79600143432617,55.314998626708984,60.65999984741211,286700
2020-04-24,56.27000045776367,56.27000045776367,56.560001373291016,52.529998779296875,56.470001220703125,264200
2020-04-27,56.29999923706055,56.29999923706055,57.900001525878906,55.959999084472656,56.22999954223633,185300
2020-04-28,56.33000183105469,56.33000183105469,57.599998474121094,54.4900016784668,57.599998474121094,144300
2020-04-29,60.41999816894531,60.41999816894531,60.88999938964844,56.189998626708984,57.27000045776367,225100
2020-04-30,58.5,58.5,60.52000045776367,57.16400146484375,59.79999923706055,225100
2020-05-01,53.790000915527344,53.790000915527344,57.29999923706055,51.459999084472656,56.849998474121094,362800
2020-05-04,53.869998931884766,53.869998931884766,54.439998626708984,52.159000396728516,53.459999084472656,141500
2020-05-05,57.560001373291016,57.560001373291016,58.2400016784668,54.560001373291016,55.310001373291016,253100
2020-05-06,56.25,56.25,62.5,55.63999938964844,61.0,276200
2020-05-07,60.540000915527344,60.540000915527344,61.34000015258789,57.2400016784668,57.58000183105469,234000
2020-05-08,59.79999923706055,59.79999923706055,61.25,58.11000061035156,60.77000045776367,194800
2020-05-11,59.709999084472656,59.709999084472656,61.005001068115234,58.189998626708984,59.060001373291016,208200
2020-05-12,57.869998931884766,57.869998931884766,60.810001373291016,57.5,59.95000076293945,258400
2020-05-13,56.540000915527344,56.540000915527344,58.393001556396484,52.040000915527344,57.400001525878906,242700
2020-05-14,56.2400016784668,56.2400016784668,57.400001525878906,54.0,56.25,203100
2020-05-15,57.849998474121094,57.849998474121094,58.93000030517578,54.65999984741211,56.0099983215332,106700
2020-05-18,60.29999923706055,60.29999923706055,62.77000045776367,59.150001525878906,59.900001525878906,189800
2020-05-19,64.0199966430664,64.0199966430664,65.88999938964844,59.119998931884766,59.79999923706055,290400
2020-05-20,62.25,62.25,63.5,61.56999969482422,63.09000015258789,494100
2020-05-21,61.779998779296875,61.779998779296875,63.38999938964844,60.369998931884766,61.779998779296875,185800
2020-05-22,62.310001373291016,62.310001373291016,64.22000122070312,60.0,61.2400016784668,200700
2020-05-26,63.470001220703125,63.470001220703125,65.0999984741211,63.02000045776367,64.0,186700
2020-05-27,65.51000213623047,65.51000213623047,65.69999694824219,61.077999114990234,64.29000091552734,198800
2020-05-28,74.76000213623047,74.76000213623047,75.87000274658203,69.54499816894531,72.81999969482422,1445700
2020-05-29,74.41999816894531,74.41999816894531,77.80000305175781,71.0999984741211,74.0199966430664,4220200
2020-06-01,76.41999816894531,76.41999816894531,77.44999694824219,72.0009994506836,73.52999877929688,465100
2020-06-02,76.52999877929688,76.52999877929688,77.5,75.1500015258789,76.94000244140625,299500
2020-06-03,81.75,81.75,82.5,76.30999755859375,77.12000274658203,391100
2020-06-04,82.80999755859375,82.80999755859375,84.06999969482422,80.61000061035156,80.75,360300
2020-06-05,82.62000274658203,82.62000274658203,87.13500213623047,81.11000061035156,84.86000061035156,624200
2020-06-08,79.9800033569336,79.9800033569336,86.6500015258789,78.80999755859375,83.70999908447266,654300
2020-06-09,80.87999725341797,80.87999725341797,82.94999694824219,78.5,78.5999984741211,293300
2020-06-10,78.80000305175781,78.80000305175781,80.94999694824219,77.04000091552734,80.26000213623047,378400
2020-06-11,78.01000213623047,78.01000213623047,78.9800033569336,75.97000122070312,76.54000091552734,311600
2020-06-12,78.0,78.0,80.8499984741211,77.41999816894531,80.0,277800
2020-06-15,81.41999816894531,81.41999816894531,81.83999633789062,75.3499984741211,76.26000213623047,311200
2020-06-16,82.6500015258789,82.6500015258789,84.70999908447266,81.36000061035156,82.81999969482422,532500
2020-06-17,84.30000305175781,84.30000305175781,85.91999816894531,82.46499633789062,83.3499984741211,333400
2020-06-18,81.68000030517578,81.68000030517578,85.16999816894531,81.0199966430664,84.27999877929688,312300
2020-06-19,83.19999694824219,83.19999694824219,83.52999877929688,80.58000183105469,82.12999725341797,429300
2020-06-22,83.61000061035156,83.61000061035156,83.79000091552734,81.91999816894531,82.80999755859375,195800
2020-06-23,83.61000061035156,83.61000061035156,85.95999908447266,83.33000183105469,84.66999816894531,222200
2020-06-24,84.0,84.0,84.68000030517578,82.0,83.12000274658203,828900
2020-06-25,83.2300033569336,83.2300033569336,84.98999786376953,82.06999969482422,84.58000183105469,326600
2020-06-26,78.5999984741211,78.5999984741211,82.62000274658203,77.70999908447266,82.62000274658203,632100
2020-06-29,81.97000122070312,81.97000122070312,83.66999816894531,78.41999816894531,79.63999938964844,249500
2020-06-30,85.76000213623047,85.76000213623047,86.88500213623047,82.30000305175781,82.51000213623047,274400
2020-07-01,87.97000122070312,87.97000122070312,89.66999816894531,84.87999725341797,86.05999755859375,425000
2020-07-02,87.51000213623047,87.51000213623047,90.63999938964844,85.55999755859375,88.6500015258789,286900
2020-07-06,88.43000030517578,88.43000030517578,92.83999633789062,87.30000305175781,89.4800033569336,318100
2020-07-07,87.44000244140625,87.44000244140625,89.9749984741211,86.63600158691406,89.29000091552734,347300
2020-07-08,90.80999755859375,90.80999755859375,91.27999877929688,87.26000213623047,87.76000213623047,415000
2020-07-09,90.45999908447266,90.45999908447266,91.95999908447266,87.9000015258789,91.30000305175781,289500
2020-07-10,90.7300033569336,90.7300033569336,91.55000305175781,88.05999755859375,90.37999725341797,182300
2020-07-13,87.12999725341797,87.12999725341797,94.77999877929688,86.7300033569336,92.23999786376953,308800
2020-07-14,85.7300033569336,85.7300033569336,86.58000183105469,83.30999755859375,85.69000244140625,393400
2020-07-15,82.47000122070312,82.47000122070312,86.98999786376953,81.01000213623047,86.83999633789062,393500
2020-07-16,80.3499984741211,80.3499984741211,83.2699966430664,79.1500015258789,82.05999755859375,327400
2020-07-17,81.19999694824219,81.19999694824219,81.23999786376953,77.33999633789062,80.95999908447266,295100
2020-07-20,83.12000274658203,83.12000274658203,84.41000366210938,81.22000122070312,81.26000213623047,184000
2020-07-21,84.91999816894531,84.91999816894531,85.88999938964844,82.65599822998047,83.83999633789062,198000
2020-07-22,86.41999816894531,86.41999816894531,87.7699966430664,84.70999908447266,84.70999908447266,147200
2020-07-23,84.52999877929688,84.52999877929688,88.2699966430664,83.12999725341797,86.48999786376953,264100
2020-07-24,82.30000305175781,82.30000305175781,84.0999984741211,81.08999633789062,83.68000030517578,170100
2020-07-27,84.16000366210938,84.16000366210938,84.98999786376953,82.11900329589844,82.79000091552734,160100
2020-07-28,85.55000305175781,85.55000305175781,86.88700103759766,84.36000061035156,85.79000091552734,266700
2020-07-29,88.11000061035156,88.11000061035156,89.37999725341797,85.7699966430664,85.7699966430664,201700
2020-07-30,87.51000213623047,87.51000213623047,90.12000274658203,86.68699645996094,87.02999877929688,171300
2020-07-31,91.33999633789062,91.33999633789062,91.37000274658203,87.52999877929688,88.19000244140625,256900
2020-08-03,97.2300033569336,97.2300033569336,98.12000274658203,92.06999969482422,92.58999633789062,335600
2020-08-04,95.44999694824219,95.44999694824219,99.9800033569336,91.9800033569336,98.18000030517578,452000
2020-08-05,98.83999633789062,98.83999633789062,103.69999694824219,95.83999633789062,101.98999786376953,524900
2020-08-06,97.66000366210938,97.66000366210938,100.0,96.80999755859375,99.20999908447266,226600
2020-08-07,102.33000183105469,102.33000183105469,102.98999786376953,97.19000244140625,97.55999755859375,284100
2020-08-10,105.43000030517578,105.43000030517578,107.0,103.19999694824219,103.19999694824219,323600
2020-08-11,102.05999755859375,102.05999755859375,106.84100341796875,101.37000274658203,105.19000244140625,274200
2020-08-12,101.61000061035156,101.61000061035156,105.21600341796875,101.02999877929688,102.52999877929688,190100
2020-08-13,101.55999755859375,101.55999755859375,103.4000015258789,101.37000274658203,102.16000366210938,157900
2020-08-14,100.30999755859375,100.30999755859375,102.77999877929688,98.91000366210938,101.91999816894531,192400
2020-08-17,102.16999816894531,102.16999816894531,102.68000030517578,99.57499694824219,101.13999938964844,171100
2020-08-18,103.63999938964844,103.63999938964844,104.0,101.44999694824219,102.19999694824219,295700
2020-08-19,104.87999725341797,104.87999725341797,107.55000305175781,103.27999877929688,104.25,288700
2020-08-20,106.0199966430664,106.0199966430664,107.99600219726562,103.66999816894531,103.66999816894531,219600
2020-08-21,105.23999786376953,105.23999786376953,107.56999969482422,103.69400024414062,105.93000030517578,229500
2020-08-24,108.81999969482422,108.81999969482422,109.1500015258789,105.9520034790039,106.38999938964844,205000
2020-08-25,107.62999725341797,107.62999725341797,110.83699798583984,107.5199966430664,108.9800033569336,256200
2020-08-26,106.41999816894531,106.41999816894531,109.44999694824219,106.2699966430664,107.05000305175781,233100
2020-08-27,108.58999633789062,108.58999633789062,109.1500015258789,105.63999938964844,108.70999908447266,266600
2020-08-28,110.01000213623047,110.01000213623047,110.66000366210938,108.8499984741211,109.63999938964844,309900
2020-08-31,112.3499984741211,112.3499984741211,112.76000213623047,108.7040023803711,109.62999725341797,224000
2020-09-01,115.77999877929688,115.77999877929688,115.87999725341797,111.52999877929688,112.93000030517578,286800
2020-09-02,119.23999786376953,119.23999786376953,121.87000274658203,117.06999969482422,119.6500015258789,449300
2020-09-03,111.33000183105469,111.33000183105469,117.88700103759766,108.93000030517578,117.73999786376953,309200
2020-09-04,106.88999938964844,106.88999938964844,113.83999633789062,102.26000213623047,112.0,376500
2020-09-08,98.94999694824219,98.94999694824219,102.2699966430664,88.76000213623047,101.0199966430664,838600
2020-09-09,105.37000274658203,105.37000274658203,108.34500122070312,100.88500213623047,101.1500015258789,370600
2020-09-10,103.48999786376953,103.48999786376953,109.63999938964844,103.48999786376953,105.56999969482422,268800
2020-09-11,104.63999938964844,104.63999938964844,106.76499938964844,103.33000183105469,104.73999786376953,203500
2020-09-14,107.22000122070312,107.22000122070312,109.14600372314453,106.16999816894531,106.83000183105469,197000
2020-09-15,106.8499984741211,106.8499984741211,109.01000213623047,105.81999969482422,109.01000213623047,220500
2020-09-16,108.7699966430664,108.7699966430664,111.72000122070312,107.30999755859375,107.66000366210938,344600
2020-09-17,103.25,103.25,106.62999725341797,99.30999755859375,106.01000213623047,412500
2020-09-18,100.52999877929688,100.52999877929688,105.4000015258789,99.37000274658203,104.76000213623047,1173900
2020-09-21,98.70999908447266,98.70999908447266,100.55000305175781,96.37999725341797,98.12999725341797,430600
2020-09-22,102.5199966430664,102.5199966430664,102.97899627685547,98.04000091552734,98.83000183105469,378900
2020-09-23,99.38999938964844,99.38999938964844,103.8499984741211,99.05000305175781,101.77999877929688,192400
2020-09-24,98.8499984741211,98.8499984741211,100.93499755859375,97.08999633789062,98.52999877929688,168700
2020-09-25,99.19000244140625,99.19000244140625,100.75,97.06999969482422,98.06999969482422,314700
2020-09-28,101.06999969482422,101.06999969482422,102.30000305175781,99.69999694824219,100.63999938964844,189400
2020-09-29,103.88999938964844,103.88999938964844,104.87000274658203,100.76000213623047,101.12000274658203,273600
2020-09-30,104.23999786376953,104.23999786376953,106.05999755859375,103.08000183105469,104.19999694824219,291300
2020-10-01,104.63999938964844,104.63999938964844,105.83000183105469,103.55500030517578,105.83000183105469,292000
2020-10-02,105.7300033569336,105.7300033569336,108.33000183105469,102.19999694824219,102.5,357000
2020-10-05,108.83999633789062,108.83999633789062,109.7750015258789,107.0,107.48999786376953,237600
2020-10-06,88.0199966430664,88.0199966430664,98.94000244140625,84.58999633789062,98.94000244140625,2674100
2020-10-07,86.36000061035156,86.36000061035156,94.4749984741211,85.5999984741211,88.01000213623047,1120100
2020-10-08,82.58000183105469,82.58000183105469,87.55000305175781,81.37000274658203,87.0,644000
2020-10-09,84.05999755859375,84.05999755859375,84.73999786376953,82.5999984741211,82.6500015258789,454400
2020-10-12,84.58000183105469,84.58000183105469,86.33000183105469,83.9520034790039,84.5199966430664,298800
2020-10-13,87.97000122070312,87.97000122070312,88.66000366210938,84.21600341796875,84.54000091552734,447600
2020-10-14,87.62999725341797,87.62999725341797,90.05000305175781,87.58999633789062,88.66000366210938,312900
2020-10-15,91.54000091552734,91.54000091552734,92.94999694824219,86.08000183105469,86.30999755859375,247800
2020-10-16,91.05999755859375,91.05999755859375,92.70999908447266,90.64099884033203,91.77999877929688,239400
2020-10-19,89.56999969482422,89.56999969482422,91.55999755859375,89.31999969482422,91.05999755859375,174000
2020-10-20,88.9000015258789,88.9000015258789,90.87999725341797,88.0999984741211,89.83000183105469,254000
2020-10-21,88.41999816894531,88.41999816894531,90.33000183105469,86.88999938964844,89.06999969482422,173100
2020-10-22,90.94999694824219,90.94999694824219,91.52999877929688,88.44999694824219,88.61000061035156,130900
2020-10-23,93.06999969482422,93.06999969482422,93.55000305175781,90.25,91.16000366210938,152800
2020-10-26,94.13999938964844,94.13999938964844,95.12999725341797,91.73999786376953,91.73999786376953,166600
2020-10-27,97.61000061035156,97.61000061035156,98.44999694824219,94.58200073242188,94.75,226300
2020-10-28,93.16999816894531,93.16999816894531,97.33000183105469,92.20999908447266,95.41000366210938,176000
2020-10-29,92.66000366210938,92.66000366210938,95.0,92.13999938964844,93.83000183105469,125900
2020-10-30,89.16999816894531,89.16999816894531,92.0999984741211,88.04000091552734,91.72000122070312,205500
2020-11-02,90.91999816894531,90.91999816894531,92.69999694824219,89.22000122070312,90.61000061035156,196800
2020-11-03,89.31999969482422,89.31999969482422,94.2300033569336,88.29000091552734,91.47000122070312,336300
2020-11-04,93.81999969482422,93.81999969482422,94.4800033569336,88.5,90.25,145900
2020-11-05,97.5999984741211,97.5999984741211,97.62000274658203,94.58999633789062,95.41999816894531,120000
2020-11-06,98.6500015258789,98.6500015258789,99.33000183105469,96.08000183105469,97.37999725341797,152000
2020-11-09,99.37999725341797,99.37999725341797,103.33999633789062,99.26000213623047,100.9800033569336,235900
2020-11-10,98.5,98.5,100.5,95.52999877929688,99.5999984741211,233300
2020-11-11,86.91999816894531,86.91999816894531,96.0,86.55999755859375,91.69999694824219,421800
2020-11-12,81.08000183105469,81.08000183105469,85.4800033569336,80.97000122070312,84.62999725341797,664500
2020-11-13,75.68000030517578,75.68000030517578,82.0,75.3499984741211,82.0,613000
2020-11-16,73.58999633789062,73.58999633789062,76.11000061035156,71.81999969482422,75.94000244140625,611900
2020-11-17,70.30000305175781,70.30000305175781,74.4800033569336,70.05999755859375,73.5,452600
2020-11-18,72.08999633789062,72.08999633789062,72.8499984741211,70.0999984741211,70.47000122070312,419800
2020-11-19,72.7699966430664,72.7699966430664,73.66999816894531,71.23999786376953,71.79000091552734,329100
2020-11-20,70.11000061035156,70.11000061035156,72.61000061035156,69.6500015258789,72.37999725341797,324200
2020-11-23,69.94000244140625,69.94000244140625,71.66500091552734,69.0199966430664,70.20999908447266,445900
2020-11-24,67.52999877929688,67.52999877929688,70.2699966430664,66.43000030517578,69.76000213623047,493200
2020-11-25,66.36000061035156,66.36000061035156,67.77999877929688,65.87000274658203,67.44000244140625,619800
2020-11-27,67.37000274658203,67.37000274658203,68.59500122070312,66.11000061035156,67.12999725341797,149600
2020-11-30,66.0999984741211,66.0999984741211,68.30999755859375,65.72000122070312,67.18000030517578,430900
2020-12-01,68.52999877929688,68.52999877929688,68.96299743652344,65.0999984741211,67.04000091552734,398000
2020-12-02,67.30000305175781,67.30000305175781,69.75,66.29000091552734,68.52999877929688,234600
2020-12-03,67.1500015258789,67.1500015258789,68.072998046875,66.48999786376953,67.20999908447266,254100
2020-12-04,65.9000015258789,65.9000015258789,67.62000274658203,65.05799865722656,66.86000061035156,209900
2020-12-07,65.91000366210938,65.91000366210938,66.83000183105469,65.5,65.5,212500
2020-12-08,68.91999816894531,68.91999816894531,78.00499725341797,67.37999725341797,67.37999725341797,836800
2020-12-09,70.08999633789062,70.08999633789062,70.55000305175781,67.30000305175781,68.9000015258789,417100
2020-12-10,73.08000183105469,73.08000183105469,73.13999938964844,68.83000183105469,70.0,331500
2020-12-11,72.52999877929688,72.52999877929688,74.31500244140625,71.44999694824219,72.69999694824219,218100
2020-12-14,75.18000030517578,75.18000030517578,76.76000213623047,73.0,73.0,287600
2020-12-15,79.7300033569336,79.7300033569336,80.47000122070312,75.51699829101562,76.45999908447266,421600
2020-12-16,84.2699966430664,84.2699966430664,84.55999755859375,80.25,81.38999938964844,568900
2020-12-17,87.38999938964844,87.38999938964844,88.6500015258789,84.2699966430664,84.2699966430664,592100
2020-12-18,88.51000213623047,88.51000213623047,89.94999694824219,87.33999633789062,88.0199966430664,531800
2020-12-21,88.66999816894531,88.66999816894531,89.30000305175781,85.41999816894531,86.69999694824219,243000
2020-12-22,90.80000305175781,90.80000305175781,91.05000305175781,87.08000183105469,88.19000244140625,215300
2020-12-23,91.62999725341797,91.62999725341797,92.0,90.37000274658203,91.41000366210938,240500
2020-12-24,91.16000366210938,91.16000366210938,92.55000305175781,89.3499984741211,91.63999938964844,103200
2020-12-28,92.55999755859375,92.55999755859375,93.74500274658203,91.02999877929688,92.54000091552734,173400
2020-12-29,90.31999969482422,90.31999969482422,92.80999755859375,89.83999633789062,92.38999938964844,177100
2020-12-30,86.9000015258789,86.9000015258789,90.9000015258789,86.43000030517578,89.93000030517578,140000
2020-12-31,88.83999633789062,88.83999633789062,89.30500030517578,85.80000305175781,86.9000015258789,103700
2021-01-04,88.30999755859375,88.30999755859375,89.38999938964844,85.37000274658203,88.68000030517578,181400
2021-01-05,88.86000061035156,88.86000061035156,89.22000122070312,86.58000183105469,88.31999969482422,215600
2021-01-06,92.06999969482422,92.06999969482422,92.22000122070312,88.1449966430664,88.16000366210938,285500
2021-01-07,98.36000061035156,98.36000061035156,98.6500015258789,93.41000366210938,93.66000366210938,216600
2021-01-08,98.9800033569336,98.9800033569336,100.7699966430664,97.70500183105469,98.48999786376953,184600
2021-01-11,99.37000274658203,99.37000274658203,100.72000122070312,96.96199798583984,98.58999633789062,200100
2021-01-12,100.55000305175781,100.55000305175781,100.95999908447266,98.8550033569336,99.94999694824219,207300
2021-01-13,100.45999908447266,100.45999908447266,102.66000366210938,99.01000213623047,100.13999938964844,138100
2021-01-14,102.33999633789062,102.33999633789062,103.33999633789062,100.45999908447266,100.6500015258789,147700
2021-01-15,98.05999755859375,98.05999755859375,102.69999694824219,96.58999633789062,101.30999755859375,188100
2021-01-19,95.38999938964844,95.38999938964844,99.08999633789062,94.99400329589844,98.87000274658203,244800
2021-01-20,98.0,98.0,98.26000213623047,92.62000274658203,96.58000183105469,233800
2021-01-21,97.62999725341797,97.62999725341797,99.66999816894531,95.47000122070312,99.02999877929688,213800
2021-01-22,99.93000030517578,99.93000030517578,99.94000244140625,95.62999725341797,96.76000213623047,179900
2021-01-25,98.29000091552734,98.29000091552734,99.94999694824219,96.1500015258789,99.91999816894531,228600
2021-01-26,96.97000122070312,96.97000122070312,98.9000015258789,96.73999786376953,98.26000213623047,113900
2021-01-27,97.87000274658203,97.87000274658203,99.55000305175781,92.70700073242188,94.33000183105469,252200
2021-01-28,99.30999755859375,99.30999755859375,99.76000213623047,96.47799682617188,98.72000122070312,170500
2021-01-29,99.58999633789062,99.58999633789062,100.0,97.61000061035156,97.61000061035156,275200
2021-02-01,106.5999984741211,106.5999984741211,107.4000015258789,98.93000030517578,100.0,172300
2021-02-02,110.31999969482422,110.31999969482422,111.11000061035156,106.0999984741211,108.11000061035156,125700
2021-02-03,110.05999755859375,110.05999755859375,112.16999816894531,108.5,110.80999755859375,150400
2021-02-04,104.80000305175781,104.80000305175781,111.46499633789062,103.3499984741211,110.01000213623047,383700
2021-02-05,104.3499984741211,104.3499984741211,105.05699920654297,100.76899719238281,104.63999938964844,263700
2021-02-08,106.37999725341797,106.37999725341797,108.70800018310547,103.11000061035156,104.95999908447266,193700
2021-02-09,109.68000030517578,109.68000030517578,110.0250015258789,105.30000305175781,105.47000122070312,145300
2021-02-10,109.98999786376953,109.98999786376953,110.76000213623047,107.05000305175781,110.76000213623047,112400
2021-02-11,112.48999786376953,112.48999786376953,115.4000015258789,108.56800079345703,111.2300033569336,182600
2021-02-12,111.87000274658203,111.87000274658203,113.5,110.19000244140625,111.58000183105469,154400
2021-02-16,105.48999786376953,105.48999786376953,112.4800033569336,105.48999786376953,111.7699966430664,223400
2021-02-17,102.38999938964844,102.38999938964844,105.94000244140625,100.55999755859375,105.01000213623047,149200
2021-02-18,103.08000183105469,103.08000183105469,104.02999877929688,101.0199966430664,101.70999908447266,106000
2021-02-19,99.79000091552734,99.79000091552734,103.41000366210938,99.04000091552734,103.41000366210938,222100
2021-02-22,92.0,92.0,98.58000183105469,91.41000366210938,98.08000183105469,199000
2021-02-23,88.19999694824219,88.19999694824219,92.0199966430664,83.7699966430664,91.70999908447266,503800
2021-02-24,91.79000091552734,91.79000091552734,92.66000366210938,87.0,88.20999908447266,190400
2021-02-25,82.93000030517578,82.93000030517578,92.12999725341797,82.05999755859375,91.79000091552734,274300
2021-02-26,85.12999725341797,85.12999725341797,86.125,82.63999938964844,83.7300033569336,306100
2021-03-01,87.31999969482422,87.31999969482422,88.13999938964844,86.62999725341797,87.54000091552734,223800
2021-03-02,85.54000091552734,85.54000091552734,88.3499984741211,84.83999633789062,88.3499984741211,164000
2021-03-03,78.66000366210938,78.66000366210938,85.44000244140625,78.29000091552734,84.22000122070312,270100
2021-03-04,74.83000183105469,74.83000183105469,78.79000091552734,73.29000091552734,77.66999816894531,469300
2021-03-05,75.9000015258789,75.9000015258789,77.04000091552734,70.20999908447266,77.01000213623047,278000
2021-03-08,76.48999786376953,76.48999786376953,77.52999877929688,73.95999908447266,75.93000030517578,238400
2021-03-09,78.4800033569336,78.4800033569336,79.9800033569336,77.70999908447266,79.20999908447266,299200
2021-03-10,79.30000305175781,79.30000305175781,82.5,78.75,79.5199966430664,289800
2021-03-11,79.88999938964844,79.88999938964844,81.08000183105469,77.45999908447266,79.87999725341797,325100
2021-03-12,77.27999877929688,77.27999877929688,80.00800323486328,76.47000122070312,79.37999725341797,244000
2021-03-15,75.93000030517578,75.93000030517578,78.73500061035156,74.2699966430664,77.41999816894531,333600
2021-03-16,70.55999755859375,70.55999755859375,78.05500030517578,70.30000305175781,76.44999694824219,375400
2021-03-17,71.55000305175781,71.55000305175781,72.16999816894531,68.94999694824219,70.0,236400
2021-03-18,71.23999786376953,71.23999786376953,72.22000122070312,69.37999725341797,71.5999984741211,366600
2021-03-19,69.97000122070312,69.97000122070312,72.0,68.12999725341797,71.19999694824219,423100
2021-03-22,70.55000305175781,70.55000305175781,73.30500030517578,69.28500366210938,70.18000030517578,314400
2021-03-23,67.37000274658203,67.37000274658203,70.27999877929688,67.06999969482422,69.3499984741211,233400
2021-03-24,64.5,64.5,68.44999694824219,64.5,68.27999877929688,250700
2021-03-25,62.349998474121094,62.349998474121094,65.41000366210938,62.27000045776367,64.22000122070312,301400
2021-03-26,69.37999725341797,69.37999725341797,69.47000122070312,65.25499725341797,67.23999786376953,459000
2021-03-29,65.88999938964844,65.88999938964844,70.29000091552734,65.02999877929688,68.05999755859375,291800
2021-03-30,65.29000091552734,65.29000091552734,68.5,65.16999816894531,67.5999984741211,355700
2021-03-31,67.04000091552734,67.04000091552734,68.0,65.30000305175781,65.30000305175781,444300
2021-04-01,68.5199966430664,68.5199966430664,73.55000305175781,67.5,67.95999908447266,363300
2021-04-05,68.51000213623047,68.51000213623047,70.55999755859375,66.47000122070312,68.69000244140625,373400
2021-04-06,72.33999633789062,72.33999633789062,72.95999908447266,67.75499725341797,68.2300033569336,349900
2021-04-07,73.83000183105469,73.83000183105469,74.36000061035156,71.29499816894531,72.30000305175781,281700
2021-04-08,74.80000305175781,74.80000305175781,74.9800033569336,73.43399810791016,74.30999755859375,210200
2021-04-09,75.25,75.25,75.45999908447266,72.27999877929688,74.16999816894531,202900
2021-04-12,75.66000366210938,75.66000366210938,76.83999633789062,73.83999633789062,75.25,167100
2021-04-13,75.29000091552734,75.29000091552734,76.33000183105469,73.12999725341797,75.63999938964844,193800
2021-04-14,76.0999984741211,76.0999984741211,76.4800033569336,73.37999725341797,74.80999755859375,170100
2021-04-15,73.93000030517578,73.93000030517578,77.6050033569336,73.63999938964844,76.88999938964844,138900
2021-04-16,74.94999694824219,74.94999694824219,75.62999725341797,72.37000274658203,74.47000122070312,160200
2021-04-19,71.62000274658203,71.62000274658203,75.4800033569336,70.58999633789062,75.12000274658203,175700
2021-04-20,69.80999755859375,69.80999755859375,72.37000274658203,68.69999694824219,71.16999816894531,251400
2021-04-21,73.01000213623047,73.01000213623047,73.19000244140625,69.80000305175781,69.80000305175781,193500
2021-04-22,71.26000213623047,71.26000213623047,73.58000183105469,70.91000366210938,72.77999877929688,126200
2021-04-23,72.73999786376953,72.73999786376953,73.5999984741211,71.05999755859375,72.02999877929688,105900
2021-04-26,72.83999633789062,72.83999633789062,74.5199966430664,71.61000061035156,73.36000061035156,139700
2021-04-27,73.52999877929688,73.52999877929688,74.30999755859375,71.7300033569336,72.87999725341797,210100
2021-04-28,70.38999938964844,70.38999938964844,73.79499816894531,68.8499984741211,73.4800033569336,248500
2021-04-29,69.5,69.5,71.80999755859375,69.0999984741211,71.05999755859375,159900
2021-04-30,70.36000061035156,70.36000061035156,70.69000244140625,68.05000305175781,69.08000183105469,415100
2021-05-03,67.44999694824219,67.44999694824219,72.66000366210938,67.37000274658203,70.98999786376953,244800
2021-05-04,66.0199966430664,66.0199966430664,67.6500015258789,64.4800033569336,66.69000244140625,172300
2021-05-05,64.55000305175781,64.55000305175781,66.7699966430664,64.05000305175781,66.41000366210938,171500
2021-05-06,66.5,66.5,70.9000015258789,64.68000030517578,67.94999694824219,487800
2021-05-07,67.62000274658203,67.62000274658203,67.94000244140625,65.0,66.94000244140625,200600
2021-05-10,66.1500015258789,66.1500015258789,68.79000091552734,65.55999755859375,67.1500015258789,232500
2021-05-11,66.16000366210938,66.16000366210938,67.72000122070312,63.599998474121094,64.0,217100
2021-05-12,64.04000091552734,64.04000091552734,67.19000244140625,63.779998779296875,65.31999969482422,194600
2021-05-13,62.95000076293945,62.95000076293945,65.12999725341797,62.16999816894531,64.48999786376953,219200
2021-05-14,65.76000213623047,65.76000213623047,65.79000091552734,61.0099983215332,63.25,161500
2021-05-17,65.37999725341797,65.37999725341797,65.98999786376953,64.2699966430664,64.93000030517578,131800
2021-05-18,65.05999755859375,65.05999755859375,67.375,64.94999694824219,65.62999725341797,246300
2021-05-19,65.47000122070312,65.47000122070312,65.66000366210938,63.040000915527344,64.62000274658203,119800
2021-05-20,66.63999938964844,66.63999938964844,67.36000061035156,64.69000244140625,65.47000122070312,108600
2021-05-21,68.51000213623047,68.51000213623047,68.86000061035156,66.69999694824219,67.41000366210938,151200
2021-05-24,69.41000366210938,69.41000366210938,70.5999984741211,68.77999877929688,69.05999755859375,181100
2021-05-25,68.27999877929688,68.27999877929688,70.68499755859375,68.27999877929688,69.01000213623047,262200
2021-05-26,70.55000305175781,70.55000305175781,71.11000061035156,68.12999725341797,68.83999633789062,152300
2021-05-27,71.9800033569336,71.9800033569336,71.9800033569336,69.95999908447266,70.69000244140625,155500
2021-05-28,73.0,73.0,73.12999725341797,72.05999755859375,72.05999755859375,123400
2021-06-01,74.05999755859375,74.05999755859375,74.30999755859375,71.18000030517578,74.30999755859375,196400
2021-06-02,73.11000061035156,73.11000061035156,74.44999694824219,72.54000091552734,74.44999694824219,157500
2021-06-03,71.81999969482422,71.81999969482422,72.91000366210938,71.69000244140625,72.51000213623047,103800
2021-06-04,72.58000183105469,72.58000183105469,72.75,71.69999694824219,72.22000122070312,113400
2021-06-07,74.44999694824219,74.44999694824219,75.5979995727539,72.26300048828125,72.87000274658203,167600
2021-06-08,75.81999969482422,75.81999969482422,76.33000183105469,73.80999755859375,74.95999908447266,90800
2021-06-09,76.02999877929688,76.02999877929688,76.73999786376953,75.27999877929688,75.9000015258789,99700
2021-06-10,75.33999633789062,75.33999633789062,76.66000366210938,75.02999877929688,76.16000366210938,90600
2021-06-11,76.31999969482422,76.31999969482422,77.19499969482422,75.19999694824219,75.6500015258789,92300
2021-06-14,78.79000091552734,78.79000091552734,78.97000122070312,76.62000274658203,76.62000274658203,147900
2021-06-15,79.87999725341797,79.87999725341797,80.55999755859375,77.52999877929688,78.94999694824219,135800
2021-06-16,76.43000030517578,76.43000030517578,81.0,75.68000030517578,79.87999725341797,166200
2021-06-17,77.9000015258789,77.9000015258789,79.7300033569336,76.16000366210938,76.2300033569336,154600
2021-06-18,76.08000183105469,76.08000183105469,78.9000015258789,75.72000122070312,76.93000030517578,189200
2021-06-21,78.61000061035156,78.61000061035156,78.79000091552734,75.30000305175781,76.55999755859375,186500
2021-06-22,78.9000015258789,78.9000015258789,79.08499908447266,77.72000122070312,78.77999877929688,107300
2021-06-23,77.4800033569336,77.4800033569336,78.95999908447266,77.3499984741211,78.95999908447266,110600
2021-06-24,77.43000030517578,77.43000030517578,78.38999938964844,77.16999816894531,78.37999725341797,115300
2021-06-25,78.43000030517578,78.43000030517578,79.9000015258789,76.9800033569336,77.83000183105469,703200
2021-06-28,75.83999633789062,75.83999633789062,78.80000305175781,75.47000122070312,78.36000061035156,143000
2021-06-29,76.22000122070312,76.22000122070312,76.86000061035156,75.4000015258789,75.79000091552734,85000
2021-06-30,75.45999908447266,75.45999908447266,76.5999984741211,75.15499877929688,76.05999755859375,71300
2021-07-01,76.75,76.75,77.30999755859375,75.33000183105469,76.44000244140625,101300
2021-07-02,75.5999984741211,75.5999984741211,77.52999877929688,74.81999969482422,77.05999755859375,68900
2021-07-06,76.98999786376953,76.98999786376953,77.41500091552734,75.41000366210938,75.88999938964844,85100
2021-07-07,76.08000183105469,76.08000183105469,77.41000366210938,75.4000015258789,76.63999938964844,74700
2021-07-08,74.47000122070312,74.47000122070312,75.86499786376953,72.62999725341797,74.66000366210938,94700
2021-07-09,75.12000274658203,75.12000274658203,76.08000183105469,74.62000274658203,75.41000366210938,48700
2021-07-12,73.56999969482422,73.56999969482422,75.57499694824219,73.44000244140625,74.77999877929688,88700
2021-07-13,71.9800033569336,71.9800033569336,73.44000244140625,71.7699966430664,73.1500015258789,81100
2021-07-14,71.19999694824219,71.19999694824219,73.01000213623047,71.0,72.66999816894531,69200
2021-07-15,71.0,71.0,71.7300033569336,70.14199829101562,71.05000305175781,100800
2021-07-16,74.30999755859375,74.30999755859375,74.58000183105469,70.80999755859375,71.7699966430664,108300
2021-07-19,73.68000030517578,73.68000030517578,75.13999938964844,72.41000366210938,72.80999755859375,126900
2021-07-20,75.43000030517578,75.43000030517578,77.04000091552734,74.25,74.25,112400
2021-07-21,77.58999633789062,77.58999633789062,78.04000091552734,75.87000274658203,75.87000274658203,105500
2021-07-22,75.54000091552734,75.54000091552734,79.43000030517578,75.25,77.72000122070312,63500
2021-07-23,76.69000244140625,76.69000244140625,76.9800033569336,75.29000091552734,75.76000213623047,83100
2021-07-26,76.45999908447266,76.45999908447266,77.61499786376953,75.83000183105469,77.61499786376953,59300
2021-07-27,78.86000061035156,78.86000061035156,79.18000030517578,75.55999755859375,76.08999633789062,94800
2021-07-28,79.3499984741211,79.3499984741211,80.43000030517578,78.6449966430664,79.16999816894531,93800
2021-07-29,81.93000030517578,81.93000030517578,83.68000030517578,80.16000366210938,80.16000366210938,96700
2021-07-30,81.43000030517578,81.43000030517578,82.98999786376953,80.75,81.3499984741211,86400
2021-08-02,80.62000274658203,80.62000274658203,82.80999755859375,80.25,82.01000213623047,90000
2021-08-03,80.87000274658203,80.87000274658203,83.01000213623047,80.5,80.80000305175781,152300
2021-08-04,83.68000030517578,83.68000030517578,83.68000030517578,80.0,80.0,96600
2021-08-05,80.44999694824219,80.44999694824219,85.91999816894531,79.06999969482422,84.44999694824219,119400
2021-08-06,85.0199966430664,85.0199966430664,85.5199966430664,79.66999816894531,80.47000122070312,105200
2021-08-09,88.66999816894531,88.66999816894531,90.69999694824219,84.47000122070312,84.94999694824219,178900
2021-08-10,86.5,86.5,89.91600036621094,86.06999969482422,88.48999786376953,124300
2021-08-11,84.98999786376953,84.98999786376953,86.05999755859375,83.4729995727539,86.05999755859375,68500
2021-08-12,85.95999908447266,85.95999908447266,86.66999816894531,83.45999908447266,85.11000061035156,149700
2021-08-13,84.51000213623047,84.51000213623047,86.56999969482422,84.22000122070312,85.83999633789062,45300
2021-08-16,82.41000366210938,82.41000366210938,85.16699981689453,82.0999984741211,84.26000213623047,110800
2021-08-17,78.6500015258789,78.6500015258789,82.06999969482422,77.0,82.06999969482422,156600
2021-08-18,80.94000244140625,80.94000244140625,82.08999633789062,78.23999786376953,78.48999786376953,84900
2021-08-19,83.6500015258789,83.6500015258789,83.94000244140625,79.80000305175781,80.01000213623047,89100
2021-08-20,85.19999694824219,85.19999694824219,87.45999908447266,83.3499984741211,83.3499984741211,93400
2021-08-23,85.01000213623047,85.01000213623047,86.13999938964844,83.80000305175781,85.66999816894531,53000
2021-08-24,86.9000015258789,86.9000015258789,87.44000244140625,85.01000213623047,85.55000305175781,166500
2021-08-25,88.80999755859375,88.80999755859375,89.69999694824219,86.94999694824219,86.94999694824219,107000
2021-08-26,88.66000366210938,88.66000366210938,89.97000122070312,87.52999877929688,88.69999694824219,77600
2021-08-27,93.19999694824219,93.19999694824219,93.19999694824219,88.22000122070312,88.87999725341797,132500
2021-08-30,90.05000305175781,90.05000305175781,93.63999938964844,89.70999908447266,93.33999633789062,122600
2021-08-31,89.80000305175781,89.80000305175781,91.125,89.05999755859375,90.70999908447266,118900
2021-09-01,93.66999816894531,93.66999816894531,94.6500015258789,89.73999786376953,90.56999969482422,103300
2021-09-02,93.80000305175781,93.80000305175781,94.13999938964844,91.41000366210938,94.13999938964844,106400
2021-09-03,92.95999908447266,92.95999908447266,94.0999984741211,92.2300033569336,93.47000122070312,96000
2021-09-07,87.7300033569336,87.7300033569336,93.16999816894531,87.54000091552734,93.05999755859375,141200
2021-09-08,86.70999908447266,86.70999908447266,87.80999755859375,86.41000366210938,87.16999816894531,117500
2021-09-09,88.66999816894531,88.66999816894531,89.61499786376953,86.83000183105469,86.83000183105469,151500
2021-09-10,89.38999938964844,89.38999938964844,92.05000305175781,88.0999984741211,89.29000091552734,89000
2021-09-13,87.8499984741211,87.8499984741211,93.17500305175781,87.1500015258789,89.76000213623047,68400
2021-09-14,86.33999633789062,86.33999633789062,89.61199951171875,86.29000091552734,88.30000305175781,118600
2021-09-15,86.19999694824219,86.19999694824219,87.0199966430664,83.08999633789062,86.11000061035156,125600
2021-09-16,86.23999786376953,86.23999786376953,86.79000091552734,83.5999984741211,86.33000183105469,114700
2021-09-17,86.44999694824219,86.44999694824219,88.55799865722656,86.13999938964844,87.62000274658203,522900
2021-09-20,85.5999984741211,85.5999984741211,86.33999633789062,83.66999816894531,83.7300033569336,92900
2021-09-21,84.54000091552734,84.54000091552734,87.13999938964844,84.33000183105469,86.27999877929688,75300
2021-09-22,84.9000015258789,84.9000015258789,85.87999725341797,84.11000061035156,84.58999633789062,133600
2021-09-23,85.0,85.0,85.81999969482422,84.06999969482422,85.16000366210938,118400
2021-09-24,84.6500015258789,84.6500015258789,85.36499786376953,83.8949966430664,84.68000030517578,53300
2021-09-27,85.5199966430664,85.5199966430664,86.69499969482422,84.75,84.75,148200
2021-09-28,79.05999755859375,79.05999755859375,84.33000183105469,78.80999755859375,84.33000183105469,101400
2021-09-29,80.12000274658203,80.12000274658203,80.93000030517578,79.0,79.76000213623047,100200
2021-09-30,80.83000183105469,80.83000183105469,82.41500091552734,80.51499938964844,80.86000061035156,60500
2021-10-01,81.16000366210938,81.16000366210938,81.68000030517578,80.20999908447266,81.18000030517578,137100
2021-10-04,79.56999969482422,79.56999969482422,81.61000061035156,79.44999694824219,80.72000122070312,65900
2021-10-05,80.16999816894531,80.16999816894531,80.6500015258789,79.77999877929688,79.77999877929688,49700
2021-10-06,79.13999938964844,79.13999938964844,79.55000305175781,78.37999725341797,78.80999755859375,66100
2021-10-07,80.69999694824219,80.69999694824219,81.91000366210938,79.77999877929688,79.77999877929688,99900
2021-10-08,78.80000305175781,78.80000305175781,80.72000122070312,78.69000244140625,80.72000122070312,38700
2021-10-11,78.29000091552734,78.29000091552734,80.86000061035156,78.29000091552734,78.80999755859375,51500
2021-10-12,78.26000213623047,78.26000213623047,79.0,77.6500015258789,78.61000061035156,47300
2021-10-13,78.87999725341797,78.87999725341797,79.97000122070312,78.37999725341797,78.79000091552734,73000
2021-10-14,81.16000366210938,81.16000366210938,81.44999694824219,79.69000244140625,79.69000244140625,54400
2021-10-15,81.7300033569336,81.7300033569336,83.83000183105469,81.55999755859375,82.37000274658203,87400
2021-10-18,78.8499984741211,78.8499984741211,81.16999816894531,78.33000183105469,81.16999816894531,61100
2021-10-19,81.0999984741211,81.0999984741211,81.68000030517578,76.5199966430664,79.56999969482422,38100
2021-10-20,81.12999725341797,81.12999725341797,81.72899627685547,80.06999969482422,81.25,105800
2021-10-21,81.0,81.0,81.33999633789062,80.16000366210938,80.83000183105469,113800
2021-10-22,81.0999984741211,81.0999984741211,81.66999816894531,80.13999938964844,81.30999755859375,70800
2021-10-25,83.0,83.0,83.29000091552734,80.74500274658203,81.19999694824219,65900
2021-10-26,86.23999786376953,86.23999786376953,86.4000015258789,82.7229995727539,83.62999725341797,89600
2021-10-27,84.5999984741211,84.5999984741211,87.73999786376953,84.2699966430664,86.1500015258789,65600
2021-10-28,88.47000122070312,88.47000122070312,88.5999984741211,85.16000366210938,85.16000366210938,64900
2021-10-29,91.44999694824219,91.44999694824219,91.83000183105469,88.26000213623047,88.26000213623047,73900
2021-11-01,90.36000061035156,90.36000061035156,91.98999786376953,89.3499984741211,91.8499984741211,92800
2021-11-02,92.12999725341797,92.12999725341797,93.37999725341797,90.81999969482422,90.81999969482422,88300
2021-11-03,90.0999984741211,90.0999984741211,91.4800033569336,86.01100158691406,91.4800033569336,148400
2021-11-04,90.93000030517578,90.93000030517578,91.61000061035156,88.84100341796875,90.13999938964844,75600
2021-11-05,95.0,95.0,95.48999786376953,90.19999694824219,91.4800033569336,108200
2021-11-08,94.87999725341797,94.87999725341797,95.38999938964844,90.2229995727539,93.91000366210938,100300
2021-11-09,95.2699966430664,95.2699966430664,96.66999816894531,94.56999969482422,95.27999877929688,81200
2021-11-10,94.75,94.75,96.5999984741211,93.70999908447266,93.70999908447266,152000
2021-11-11,95.86000061035156,95.86000061035156,97.18000030517578,94.63999938964844,95.30999755859375,56000
2021-11-12,92.86000061035156,92.86000061035156,96.11000061035156,92.23999786376953,96.0,67000
2021-11-15,90.36000061035156,90.36000061035156,93.31999969482422,89.44499969482422,93.31999969482422,95300
2021-11-16,89.38999938964844,89.38999938964844,91.30000305175781,88.61000061035156,90.4000015258789,80800
2021-11-17,86.97000122070312,86.97000122070312,89.0,86.8499984741211,89.0,100500
2021-11-18,85.80000305175781,85.80000305175781,87.08000183105469,85.22000122070312,87.08000183105469,84500
2021-11-19,83.63999938964844,83.63999938964844,88.01499938964844,83.26000213623047,85.91000366210938,113200
2021-11-22,83.86000061035156,83.86000061035156,86.33000183105469,83.72000122070312,84.02999877929688,91800
2021-11-23,82.31999969482422,82.31999969482422,85.0,81.65499877929688,84.27999877929688,97400
2021-11-24,79.83000183105469,79.83000183105469,82.03500366210938,79.11000061035156,81.66000366210938,76700
2021-11-26,76.5999984741211,76.5999984741211,77.77999877929688,74.80000305175781,77.48999786376953,91900
2021-11-29,74.95999908447266,74.95999908447266,78.43000030517578,74.54000091552734,78.33000183105469,98100
2021-11-30,73.08000183105469,73.08000183105469,76.77999877929688,72.83999633789062,75.12999725341797,130000
2021-12-01,71.38999938964844,71.38999938964844,75.95999908447266,71.08000183105469,74.91000366210938,131000
2021-12-02,71.70999908447266,71.70999908447266,72.69999694824219,70.33000183105469,71.72000122070312,113300
2021-12-03,66.68000030517578,66.68000030517578,72.44999694824219,65.41999816894531,71.76000213623047,218400
2021-12-06,67.04000091552734,67.04000091552734,67.54000091552734,65.37000274658203,67.54000091552734,145000
2021-12-07,68.29000091552734,68.29000091552734,69.15499877929688,66.63999938964844,67.61000061035156,139500
2021-12-08,66.87000274658203,66.87000274658203,69.13999938964844,65.61000061035156,68.36000061035156,112700
2021-12-09,64.75,64.75,66.98999786376953,64.33999633789062,66.29000091552734,133100
2021-12-10,64.05000305175781,64.05000305175781,65.66999816894531,63.54999923706055,65.5,94900
2021-12-13,62.13999938964844,62.13999938964844,64.12000274658203,61.869998931884766,63.63999938964844,117500
2021-12-14,60.58000183105469,60.58000183105469,63.20000076293945,60.099998474121094,62.5,146300
2021-12-15,63.459999084472656,63.459999084472656,63.599998474121094,60.790000915527344,63.290000915527344,246900
2021-12-16,64.13999938964844,64.13999938964844,65.4800033569336,62.66999816894531,63.459999084472656,191200
2021-12-17,62.599998474121094,62.599998474121094,64.27999877929688,62.33000183105469,64.08000183105469,403600
2021-12-20,60.95000076293945,60.95000076293945,63.40999984741211,60.77000045776367,62.45000076293945,130300
2021-12-21,61.779998779296875,61.779998779296875,62.34000015258789,60.83000183105469,62.20000076293945,183100
2021-12-22,62.65999984741211,62.65999984741211,63.83000183105469,60.939998626708984,62.0,275700
2021-12-23,64.7300033569336,64.7300033569336,65.11000061035156,61.95000076293945,63.220001220703125,287500
2021-12-27,64.26000213623047,64.26000213623047,65.4800033569336,63.06999969482422,65.0,93200
2021-12-28,63.97999954223633,63.97999954223633,65.5,63.59000015258789,64.66999816894531,92700
2021-12-29,63.84000015258789,63.84000015258789,65.01000213623047,63.099998474121094,63.779998779296875,88400
2021-12-30,63.7599983215332,63.7599983215332,65.0,63.470001220703125,63.68000030517578,136100
2021-12-31,64.7699966430664,64.7699966430664,65.27999877929688,63.68000030517578,64.0,154000
2022-01-03,62.810001373291016,62.810001373291016,65.51499938964844,62.68000030517578,65.4000015258789,87800
2022-01-04,60.790000915527344,60.790000915527344,63.5,60.2400016784668,62.72999954223633,128800
2022-01-05,58.40999984741211,58.40999984741211,60.5,58.04999923706055,60.41999816894531,156400
2022-01-06,57.84000015258789,57.84000015258789,59.01499938964844,56.402000427246094,58.099998474121094,165200
2022-01-07,59.09000015258789,59.09000015258789,60.40999984741211,57.45000076293945,57.689998626708984,152200
2022-01-10,56.97999954223633,56.97999954223633,58.720001220703125,55.724998474121094,58.720001220703125,181900
2022-01-11,56.86000061035156,56.86000061035156,57.41999816894531,56.0,57.38999938964844,157300
2022-01-12,56.189998626708984,56.189998626708984,57.41999816894531,55.40999984741211,57.150001525878906,165600
2022-01-13,53.83000183105469,53.83000183105469,57.20000076293945,53.58000183105469,56.16999816894531,122600
2022-01-14,51.66999816894531,51.66999816894531,54.119998931884766,49.63999938964844,53.0,358000
2022-01-18,47.779998779296875,47.779998779296875,51.5099983215332,47.619998931884766,51.5099983215332,470600
2022-01-19,47.5,47.5,49.15999984741211,46.400001525878906,48.529998779296875,326500
2022-01-20,46.58000183105469,46.58000183105469,49.88999938964844,46.41999816894531,47.65999984741211,172500
2022-01-21,45.86000061035156,45.86000061035156,46.779998779296875,45.209999084472656,45.72999954223633,400200
2022-01-24,47.65999984741211,47.65999984741211,48.25,44.0099983215332,44.93000030517578,291700
2022-01-25,47.2400016784668,47.2400016784668,47.54999923706055,45.60100173950195,46.58000183105469,170100
2022-01-26,49.529998779296875,49.529998779296875,51.744998931884766,48.25,50.060001373291016,279600
2022-01-27,48.97999954223633,48.97999954223633,50.4900016784668,48.43000030517578,49.63999938964844,188200
2022-01-28,49.06999969482422,49.06999969482422,49.150001525878906,46.9900016784668,48.86000061035156,171200
2022-01-31,52.75,52.75,52.75,48.619998931884766,48.619998931884766,189000
2022-02-01,53.43000030517578,53.43000030517578,53.59000015258789,50.17499923706055,52.709999084472656,271100
2022-02-02,53.13999938964844,53.13999938964844,54.099998474121094,51.619998931884766,53.849998474121094,211000
2022-02-03,51.75,51.75,53.27000045776367,48.59000015258789,51.33000183105469,182600
2022-02-04,53.45000076293945,53.45000076293945,54.06999969482422,50.0,51.5,503900
2022-02-07,54.65999984741211,54.65999984741211,55.47999954223633,53.349998474121094,53.75,134400
2022-02-08,55.58000183105469,55.58000183105469,56.63999938964844,54.65999984741211,54.689998626708984,185700
2022-02-09,54.75,54.75,57.13999938964844,54.619998931884766,56.959999084472656,117400
2022-02-10,54.150001525878906,54.150001525878906,54.75,53.060001373291016,53.689998626708984,172300
2022-02-11,51.7599983215332,51.7599983215332,54.56999969482422,51.310001373291016,54.310001373291016,114200
2022-02-14,52.33000183105469,52.33000183105469,52.84000015258789,51.16999816894531,51.97999954223633,133100
2022-02-15,54.400001525878906,54.400001525878906,54.7599983215332,52.92499923706055,53.0,128100
2022-02-16,53.68000030517578,53.68000030517578,54.119998931884766,52.31999969482422,54.040000915527344,133900
2022-02-17,54.27000045776367,54.27000045776367,56.80500030517578,53.79999923706055,55.0,266100
2022-02-18,55.22999954223633,55.22999954223633,56.36000061035156,52.01499938964844,53.880001068115234,218300
2022-02-22,56.45000076293945,56.45000076293945,57.77000045776367,54.95000076293945,55.630001068115234,256200
2022-02-23,55.58000183105469,55.58000183105469,57.2599983215332,55.470001220703125,57.2599983215332,251900
2022-02-24,60.25,60.25,60.33000183105469,52.06999969482422,53.459999084472656,259000
2022-02-25,62.130001068115234,62.130001068115234,62.2400016784668,59.86000061035156,60.59000015258789,205300
2022-02-28,64.43000030517578,64.43000030517578,64.61000061035156,61.47999954223633,61.5,180400
2022-03-01,63.4900016784668,63.4900016784668,64.5199966430664,62.95000076293945,64.23999786376953,175300
2022-03-02,62.91999816894531,62.91999816894531,63.95000076293945,60.209999084472656,63.95000076293945,154100
2022-03-03,59.25,59.25,63.130001068115234,58.63999938964844,63.130001068115234,310600
2022-03-04,57.25,57.25,59.119998931884766,56.90999984741211,59.119998931884766,140600
2022-03-07,56.61000061035156,56.61000061035156,57.40999984741211,55.40999984741211,56.959999084472656,143700
2022-03-08,58.279998779296875,58.279998779296875,59.290000915527344,56.400001525878906,56.790000915527344,144800
2022-03-09,60.70000076293945,60.70000076293945,62.68000030517578,58.65999984741211,59.369998931884766,138400
2022-03-10,61.2599983215332,61.2599983215332,61.38999938964844,59.06999969482422,59.939998626708984,94200
2022-03-11,59.04999923706055,59.04999923706055,62.18000030517578,58.86000061035156,61.5,73200
2022-03-14,59.15999984741211,59.15999984741211,61.33000183105469,59.040000915527344,59.560001373291016,92100
2022-03-15,61.02000045776367,61.02000045776367,61.68899917602539,57.994998931884766,59.2599983215332,175100
2022-03-16,62.33000183105469,62.33000183105469,63.279998779296875,61.095001220703125,62.33000183105469,170600
2022-03-17,63.11000061035156,63.11000061035156,63.459999084472656,61.16999816894531,62.58000183105469,184900
2022-03-18,61.849998474121094,61.849998474121094,64.41000366210938,61.529998779296875,62.439998626708984,222200
2022-03-21,60.43000030517578,60.43000030517578,62.56999969482422,60.310001373291016,62.11000061035156,154300
2022-03-22,63.060001373291016,63.060001373291016,63.380001068115234,60.5099983215332,60.81999969482422,225400
2022-03-23,60.880001068115234,60.880001068115234,63.58000183105469,60.869998931884766,62.540000915527344,114600
2022-03-24,64.12000274658203,64.12000274658203,64.41999816894531,60.7400016784668,61.459999084472656,181500
2022-03-25,64.12000274658203,64.12000274658203,65.04499816894531,62.939998626708984,64.37999725341797,194100
2022-03-28,62.560001373291016,62.560001373291016,65.08000183105469,62.310001373291016,63.95000076293945,133300
2022-03-29,64.48999786376953,64.48999786376953,66.30999755859375,63.36000061035156,63.36000061035156,161200
2022-03-30,62.310001373291016,62.310001373291016,64.94999694824219,62.22999954223633,64.18000030517578,152800
2022-03-31,63.9900016784668,63.9900016784668,64.12999725341797,62.07500076293945,62.38999938964844,147000
2022-04-01,68.98999786376953,68.98999786376953,69.23999786376953,64.01000213623047,64.19999694824219,297100
2022-04-04,66.91000366210938,66.91000366210938,70.62999725341797,65.08000183105469,70.0,179900
2022-04-05,66.33000183105469,66.33000183105469,68.01899719238281,65.66000366210938,66.8499984741211,102400
2022-04-06,67.37999725341797,67.37999725341797,67.93000030517578,64.88999938964844,65.5,184300
2022-04-07,67.3499984741211,67.3499984741211,69.51300048828125,66.07499694824219,67.37999725341797,129400
2022-04-08,64.08999633789062,64.08999633789062,67.43000030517578,63.68000030517578,67.2699966430664,92600
2022-04-11,61.43000030517578,61.43000030517578,64.91999816894531,61.22999954223633,63.43000030517578,88700
2022-04-12,61.43000030517578,61.43000030517578,63.7400016784668,61.15999984741211,62.63999938964844,64600
2022-04-13,61.849998474121094,61.849998474121094,62.38999938964844,60.81999969482422,61.709999084472656,57900
2022-04-14,59.91999816894531,59.91999816894531,61.84000015258789,59.66999816894531,61.84000015258789,72400
2022-04-18,59.77000045776367,59.77000045776367,60.560001373291016,58.33000183105469,59.52000045776367,97500
2022-04-19,59.22999954223633,59.22999954223633,60.790000915527344,59.02000045776367,59.400001525878906,89500
2022-04-20,59.93000030517578,59.93000030517578,60.290000915527344,58.41999816894531,59.16999816894531,108400
2022-04-21,58.790000915527344,58.790000915527344,61.880001068115234,57.72999954223633,60.83000183105469,92800
2022-04-22,56.439998626708984,56.439998626708984,59.310001373291016,56.369998931884766,58.119998931884766,80500
2022-04-25,57.65999984741211,57.65999984741211,57.90999984741211,54.34000015258789,55.790000915527344,103300
2022-04-26,55.36000061035156,55.36000061035156,58.130001068115234,55.36000061035156,57.220001220703125,85100
2022-04-27,56.09000015258789,56.09000015258789,57.119998931884766,54.369998931884766,55.29999923706055,116700
2022-04-28,56.56999969482422,56.56999969482422,57.279998779296875,54.099998474121094,56.79999923706055,78500
2022-04-29,54.45000076293945,54.45000076293945,57.220001220703125,54.20000076293945,56.369998931884766,71000
2022-05-02,55.16999816894531,55.16999816894531,55.779998779296875,53.654998779296875,54.369998931884766,77400
2022-05-03,56.380001068115234,56.380001068115234,57.099998474121094,54.959999084472656,55.47999954223633,103900
2022-05-04,57.47999954223633,57.47999954223633,57.47999954223633,54.15999984741211,56.380001068115234,82700
2022-05-05,53.20000076293945,53.20000076293945,56.75,52.400001525878906,56.72999954223633,124600
2022-05-06,52.47999954223633,52.47999954223633,54.04999923706055,50.36000061035156,52.93000030517578,131100
2022-05-09,51.18000030517578,51.18000030517578,53.040000915527344,50.4900016784668,52.150001525878906,130500
2022-05-10,51.47999954223633,51.47999954223633,53.465999603271484,49.22999954223633,52.54999923706055,156700
2022-05-11,52.91999816894531,52.91999816894531,55.1349983215332,51.77000045776367,51.77000045776367,136500
2022-05-12,56.529998779296875,56.529998779296875,56.689998626708984,52.5099983215332,52.5099983215332,263500
2022-05-13,59.119998931884766,59.119998931884766,59.790000915527344,57.83000183105469,57.83000183105469,127900
2022-05-16,58.209999084472656,58.209999084472656,60.47999954223633,58.099998474121094,58.369998931884766,104800
2022-05-17,62.0,62.0,62.209999084472656,59.29999923706055,59.29999923706055,128500
2022-05-18,58.90999984741211,58.90999984741211,63.31999969482422,58.47999954223633,60.31999969482422,167500
2022-05-19,58.790000915527344,58.790000915527344,59.959999084472656,56.869998931884766,58.47999954223633,168000
2022-05-20,59.4900016784668,59.4900016784668,60.54999923706055,57.65999984741211,60.0,99100
2022-05-23,60.099998474121094,60.099998474121094,60.33000183105469,58.595001220703125,60.22999954223633,96500
2022-05-24,60.900001525878906,60.900001525878906,60.97999954223633,57.810001373291016,59.72999954223633,94200
2022-05-25,61.869998931884766,61.869998931884766,62.40999984741211,60.79999923706055,60.79999923706055,93000
2022-05-26,62.2599983215332,62.2599983215332,63.38999938964844,60.983001708984375,62.58000183105469,68700
2022-05-27,64.19000244140625,64.19000244140625,64.36000061035156,62.35499954223633,62.970001220703125,115900
2022-05-31,62.150001525878906,62.150001525878906,63.72999954223633,61.22999954223633,63.72999954223633,108800
2022-06-01,61.959999084472656,61.959999084472656,62.209999084472656,60.58000183105469,62.209999084472656,89400
2022-06-02,62.849998474121094,62.849998474121094,62.91999816894531,61.220001220703125,61.91999816894531,86800
2022-06-03,63.66999816894531,63.66999816894531,64.44999694824219,61.64500045776367,62.47999954223633,88800
2022-06-06,64.5,64.5,64.87000274658203,63.70100021362305,64.2300033569336,71800
2022-06-07,66.52999877929688,66.52999877929688,66.73999786376953,63.26900100708008,63.83000183105469,94000
2022-06-08,66.19000244140625,66.19000244140625,67.69000244140625,65.7750015258789,65.86000061035156,93800
2022-06-09,64.1500015258789,64.1500015258789,66.04000091552734,63.904998779296875,65.98999786376953,90100
2022-06-10,62.59000015258789,62.59000015258789,63.52000045776367,61.81999969482422,62.7599983215332,66400
2022-06-13,61.63999938964844,61.63999938964844,62.7400016784668,60.2599983215332,60.790000915527344,107600
2022-06-14,63.7599983215332,63.7599983215332,63.97999954223633,60.65999984741211,61.709999084472656,185500
2022-06-15,60.970001220703125,60.970001220703125,64.58999633789062,57.689998626708984,64.58999633789062,141500
2022-06-16,54.43000030517578,54.43000030517578,59.52000045776367,54.27000045776367,58.90999984741211,180100
2022-06-17,55.9900016784668,55.9900016784668,56.599998474121094,53.630001068115234,55.040000915527344,239700
2022-06-21,56.779998779296875,56.779998779296875,58.209999084472656,56.01499938964844,57.31999969482422,201700
2022-06-22,60.869998931884766,60.869998931884766,60.880001068115234,56.93000030517578,57.349998474121094,164300
2022-06-23,61.4900016784668,61.4900016784668,62.41999816894531,60.2599983215332,61.4900016784668,90200
2022-06-24,64.5199966430664,64.5199966430664,64.66000366210938,61.279998779296875,62.16999816894531,259400
2022-06-27,64.43000030517578,64.43000030517578,64.95999908447266,62.45000076293945,64.95999908447266,62700
2022-06-28,63.52000045776367,63.52000045776367,65.98999786376953,63.30500030517578,64.76000213623047,69500
2022-06-29,61.939998626708984,61.939998626708984,64.08499908447266,60.97999954223633,63.52000045776367,70500
2022-06-30,64.4000015258789,64.4000015258789,64.45999908447266,60.709999084472656,61.22999954223633,115300
2022-07-01,64.76000213623047,64.76000213623047,65.62999725341797,62.029998779296875,64.08000183105469,83400
2022-07-05,65.06999969482422,65.06999969482422,65.2300033569336,61.59000015258789,63.68000030517578,115500
2022-07-06,62.22999954223633,62.22999954223633,65.08000183105469,61.209999084472656,65.08000183105469,88900
2022-07-07,61.13999938964844,61.13999938964844,63.22999954223633,60.97999954223633,62.869998931884766,93600
2022-07-08,61.5,61.5,61.689998626708984,59.9900016784668,61.02000045776367,83800
2022-07-11,59.119998931884766,59.119998931884766,61.77000045776367,59.020999908447266,60.70000076293945,68500
2022-07-12,58.09000015258789,58.09000015258789,59.375,57.494998931884766,58.90999984741211,91900
2022-07-13,57.81999969482422,57.81999969482422,59.11000061035156,56.5099983215332,57.279998779296875,77400
2022-07-14,56.5099983215332,56.5099983215332,57.22999954223633,53.93000030517578,56.79999923706055,98100
2022-07-15,56.02000045776367,56.02000045776367,57.75,55.13999938964844,57.290000915527344,112700
2022-07-18,54.15999984741211,54.15999984741211,56.84000015258789,53.939998626708984,55.790000915527344,92900
2022-07-19,57.36000061035156,57.36000061035156,57.470001220703125,54.790000915527344,54.93000030517578,114700
2022-07-20,58.18000030517578,58.18000030517578,59.459999084472656,56.7400016784668,57.040000915527344,101300
2022-07-21,60.5099983215332,60.5099983215332,60.5099983215332,58.459999084472656,58.4900016784668,106900
2022-07-22,57.9900016784668,57.9900016784668,60.61000061035156,57.4900016784668,60.61000061035156,76100
2022-07-25,58.790000915527344,58.790000915527344,58.849998474121094,57.630001068115234,57.90999984741211,89700
2022-07-26,58.4900016784668,58.4900016784668,59.029998779296875,57.5099983215332,58.380001068115234,61900
2022-07-27,60.29999923706055,60.29999923706055,60.59000015258789,58.5,58.79999923706055,88600
2022-07-28,60.779998779296875,60.779998779296875,61.18000030517578,57.79999923706055,60.7599983215332,65200
2022-07-29,62.369998931884766,62.369998931884766,62.529998779296875,60.36000061035156,60.900001525878906,93500
2022-08-01,61.77000045776367,61.77000045776367,63.04999923706055,61.029998779296875,61.560001373291016,91100
2022-08-02,64.20999908447266,64.20999908447266,65.08000183105469,60.88999938964844,61.689998626708984,131300
2022-08-03,66.47000122070312,66.47000122070312,66.79000091552734,63.220001220703125,64.0,144700
2022-08-04,70.04000091552734,70.04000091552734,70.99500274658203,66.55999755859375,67.08999633789062,258700
2022-08-05,71.83000183105469,71.83000183105469,73.19000244140625,70.0,70.22000122070312,152200
2022-08-08,72.93000030517578,72.93000030517578,73.56999969482422,71.06999969482422,73.22000122070312,105400
2022-08-09,72.72000122070312,72.72000122070312,75.41000366210938,72.16999816894531,72.41999816894531,108100
2022-08-10,73.86000061035156,73.86000061035156,75.2300033569336,72.7300033569336,73.9800033569336,110800
2022-08-11,75.44000244140625,75.44000244140625,76.32499694824219,73.8499984741211,74.06999969482422,49400
2022-08-12,78.08000183105469,78.08000183105469,78.31999969482422,75.47000122070312,75.47000122070312,86900
2022-08-15,79.05999755859375,79.05999755859375,79.87000274658203,77.54000091552734,77.54000091552734,112400
2022-08-16,79.52999877929688,79.52999877929688,79.68000030517578,74.83599853515625,78.95999908447266,136100
2022-08-17,77.88999938964844,77.88999938964844,79.0999984741211,76.87000274658203,78.0,117800
2022-08-18,78.8499984741211,78.8499984741211,79.83999633789062,77.73699951171875,77.94000244140625,145000
2022-08-19,77.30000305175781,77.30000305175781,79.7699966430664,76.4800033569336,77.83000183105469,171700
2022-08-22,74.97000122070312,74.97000122070312,77.4000015258789,74.29000091552734,76.41999816894531,62300
2022-08-23,75.55000305175781,75.55000305175781,76.72000122070312,75.38999938964844,75.47000122070312,49100
2022-08-24,76.56999969482422,76.56999969482422,77.2699966430664,75.55000305175781,75.55000305175781,54600
2022-08-25,77.68000030517578,77.68000030517578,78.16999816894531,76.38999938964844,77.16000366210938,71600
2022-08-26,76.55999755859375,76.55999755859375,77.90299987792969,74.98999786376953,77.58000183105469,72000
2022-08-29,76.36000061035156,76.36000061035156,76.69000244140625,73.5999984741211,76.0,171100
2022-08-30,77.72000122070312,77.72000122070312,77.91000366210938,75.9800033569336,76.54000091552734,160900
2022-08-31,79.29000091552734,79.29000091552734,79.31999969482422,77.69999694824219,77.7699966430664,147300
2022-09-01,81.9800033569336,81.9800033569336,83.29499816894531,78.70999908447266,79.05000305175781,279500
2022-09-02,83.93000030517578,83.93000030517578,85.1500015258789,81.58000183105469,81.80000305175781,363000
2022-09-06,85.01000213623047,85.01000213623047,85.43000030517578,80.8499984741211,85.0,241300
2022-09-07,89.54000091552734,89.54000091552734,89.97000122070312,84.9000015258789,84.9000015258789,320000
2022-09-08,86.12999725341797,86.12999725341797,89.5250015258789,84.44000244140625,89.05999755859375,278300
2022-09-09,83.83999633789062,83.83999633789062,87.28500366210938,83.33999633789062,86.75,122100
2022-09-12,87.0999984741211,87.0999984741211,88.44000244140625,83.6500015258789,83.83999633789062,226100
2022-09-13,85.23999786376953,85.23999786376953,86.33999633789062,83.92500305175781,85.16000366210938,135500
2022-09-14,86.75,86.75,86.83999633789062,84.16999816894531,85.44000244140625,185600
2022-09-15,87.4000015258789,87.4000015258789,88.7699966430664,85.98999786376953,86.02999877929688,105000
2022-09-16,84.18000030517578,84.18000030517578,87.09400177001953,83.20999908447266,86.62999725341797,433800
2022-09-19,86.91000366210938,86.91000366210938,87.03500366210938,83.19999694824219,83.19999694824219,172600
2022-09-20,86.87000274658203,86.87000274658203,87.44000244140625,84.12999725341797,86.02999877929688,184300
2022-09-21,85.37000274658203,85.37000274658203,87.6500015258789,85.19999694824219,86.7699966430664,94600
2022-09-22,84.16999816894531,84.16999816894531,86.7300033569336,84.12000274658203,86.7300033569336,92800
2022-09-23,83.31999969482422,83.31999969482422,83.61000061035156,82.01599884033203,83.0199966430664,125200
2022-09-26,83.2699966430664,83.2699966430664,84.87999725341797,82.2300033569336,82.97000122070312,129700
2022-09-27,83.73999786376953,83.73999786376953,85.0199966430664,81.97000122070312,83.73999786376953,115600
2022-09-28,86.8499984741211,86.8499984741211,86.97000122070312,83.47000122070312,84.47000122070312,212900
2022-09-29,85.93000030517578,85.93000030517578,86.91999816894531,84.58000183105469,86.47000122070312,210300
2022-09-30,83.72000122070312,83.72000122070312,88.25,83.6500015258789,85.5999984741211,262100
2022-10-03,87.55999755859375,87.55999755859375,87.55999755859375,83.69000244140625,84.19000244140625,130000
2022-10-04,91.22000122070312,91.22000122070312,91.7300033569336,88.72000122070312,88.72000122070312,150300
2022-10-05,90.76000213623047,90.76000213623047,92.12000274658203,89.94000244140625,90.7699966430664,111500
2022-10-06,93.12000274658203,93.12000274658203,93.375,90.27999877929688,90.41999816894531,151300
2022-10-07,90.52999877929688,90.52999877929688,92.62999725341797,89.87000274658203,92.33000183105469,142500
2022-10-10,92.16000366210938,92.16000366210938,93.2509994506836,89.51000213623047,90.9000015258789,212000
2022-10-11,94.48999786376953,94.48999786376953,95.19999694824219,90.66000366210938,92.33000183105469,271300
2022-10-12,88.83000183105469,88.83000183105469,93.67500305175781,83.33999633789062,92.97000122070312,460000
2022-10-13,91.91999816894531,91.91999816894531,92.83999633789062,86.87999725341797,88.02999877929688,229200
2022-10-14,92.5999984741211,92.5999984741211,94.98999786376953,91.9000015258789,93.4800033569336,192700
2022-10-17,89.16000366210938,89.16000366210938,93.62999725341797,88.33999633789062,93.3499984741211,177600
2022-10-18,89.7300033569336,89.7300033569336,90.80000305175781,85.0199966430664,88.4000015258789,159400
2022-10-19,84.76000213623047,84.76000213623047,90.0199966430664,84.56999969482422,90.0199966430664,142500
2022-10-20,79.20999908447266,79.20999908447266,84.61000061035156,77.88999938964844,84.61000061035156,217500
2022-10-21,81.02999877929688,81.02999877929688,81.30999755859375,76.37000274658203,79.44000244140625,201900
2022-10-24,80.80000305175781,80.80000305175781,82.5999984741211,80.05000305175781,81.79000091552734,110400
2022-10-25,81.66999816894531,81.66999816894531,83.3499984741211,80.55500030517578,80.75,100600
2022-10-26,82.41000366210938,82.41000366210938,83.58000183105469,80.86000061035156,82.2699966430664,76600
2022-10-27,83.72000122070312,83.72000122070312,86.80000305175781,82.1500015258789,82.70999908447266,126700
2022-10-28,85.2300033569336,85.2300033569336,85.33000183105469,79.94000244140625,84.25,223800
2022-10-31,88.95999908447266,88.95999908447266,90.04499816894531,84.54000091552734,85.54000091552734,149500
2022-11-01,89.38999938964844,89.38999938964844,90.02999877929688,86.94999694824219,89.62999725341797,141200
2022-11-02,85.3499984741211,85.3499984741211,90.08000183105469,84.7699966430664,90.08000183105469,128500
2022-11-03,64.41000366210938,64.41000366210938,77.54000091552734,62.91999816894531,76.87000274658203,923800
2022-11-04,67.5,67.5,67.58000183105469,64.44999694824219,64.52999877929688,358900
2022-11-07,67.83000183105469,67.83000183105469,69.87999725341797,66.93000030517578,67.95999908447266,239000
2022-11-08,67.5,67.5,68.62999725341797,65.91999816894531,67.7300033569336,164500
2022-11-09,67.80999755859375,67.80999755859375,68.33000183105469,66.41000366210938,67.13999938964844,115800
2022-11-10,71.06999969482422,71.06999969482422,74.16999816894531,70.19999694824219,70.55000305175781,220000
2022-11-11,67.08000183105469,67.08000183105469,71.98999786376953,65.19499969482422,71.87000274658203,198900
2022-11-14,64.33999633789062,64.33999633789062,67.11000061035156,64.33000183105469,66.80000305175781,105600
2022-11-15,65.69999694824219,65.69999694824219,67.27999877929688,65.04499816894531,65.55999755859375,145500
2022-11-16,65.20999908447266,65.20999908447266,66.18000030517578,64.80999755859375,64.91000366210938,84800
2022-11-17,65.37999725341797,65.37999725341797,65.52999877929688,63.650001525878906,64.81999969482422,165900
2022-11-18,61.13999938964844,61.13999938964844,66.54000091552734,60.970001220703125,66.44999694824219,264700
2022-11-21,60.4900016784668,60.4900016784668,61.84000015258789,59.099998474121094,60.0,236100
2022-11-22,59.849998474121094,59.849998474121094,61.029998779296875,58.529998779296875,60.75,142700
2022-11-23,61.0,61.0,61.34000015258789,58.68000030517578,60.15999984741211,116400
2022-11-25,60.79999923706055,60.79999923706055,62.849998474121094,60.369998931884766,60.66999816894531,36300
2022-11-28,59.45000076293945,59.45000076293945,60.720001220703125,58.939998626708984,60.720001220703125,104400
2022-11-29,60.86000061035156,60.86000061035156,61.5,59.0099983215332,59.34000015258789,96200
2022-11-30,62.7400016784668,62.7400016784668,63.349998474121094,59.685001373291016,61.25,154900
2022-12-01,61.470001220703125,61.470001220703125,63.3650016784668,60.540000915527344,63.08000183105469,105200
2022-12-02,61.66999816894531,61.66999816894531,62.30500030517578,60.66999816894531,60.880001068115234,150200
2022-12-05,59.18000030517578,59.18000030517578,61.630001068115234,59.0099983215332,61.33000183105469,125100
2022-12-06,52.849998474121094,52.849998474121094,59.029998779296875,51.529998779296875,58.97999954223633,1154000
2022-12-07,52.7599983215332,52.7599983215332,53.86000061035156,52.36000061035156,52.70000076293945,246200
2022-12-08,51.90999984741211,51.90999984741211,53.119998931884766,50.75,53.119998931884766,308500
2022-12-09,51.880001068115234,51.880001068115234,52.41999816894531,50.7599983215332,51.83000183105469,147500
2022-12-12,49.95000076293945,49.95000076293945,52.0,49.801998138427734,52.0,360600
2022-12-13,51.540000915527344,51.540000915527344,52.0,50.56999969482422,51.5,333100
2022-12-14,49.599998474121094,49.599998474121094,52.0,48.95000076293945,51.02000045776367,222700
2022-12-15,50.0099983215332,50.0099983215332,51.29999923706055,49.33000183105469,49.56999969482422,253500
2022-12-16,50.290000915527344,50.290000915527344,51.029998779296875,48.91999816894531,49.34000015258789,471400
2022-12-19,47.61000061035156,47.61000061035156,50.345001220703125,47.2400016784668,49.68000030517578,222500
2022-12-20,48.18000030517578,48.18000030517578,49.52000045776367,47.540000915527344,47.540000915527344,140200
2022-12-21,47.31999969482422,47.31999969482422,48.880001068115234,46.86000061035156,48.380001068115234,250700
2022-12-22,46.04999923706055,46.04999923706055,47.81999969482422,44.63999938964844,47.119998931884766,198000
2022-12-23,46.16999816894531,46.16999816894531,46.404998779296875,44.61000061035156,45.880001068115234,197700
2022-12-27,44.84000015258789,44.84000015258789,46.45000076293945,44.45000076293945,46.220001220703125,141500
2022-12-28,44.279998779296875,44.279998779296875,45.040000915527344,43.6349983215332,44.83000183105469,195400
2022-12-29,44.5,44.5,45.09000015258789,44.279998779296875,44.790000915527344,186200
2022-12-30,45.15999984741211,45.15999984741211,45.38999938964844,43.849998474121094,44.0099983215332,186100
2023-01-03,46.880001068115234,46.880001068115234,46.9900016784668,45.290000915527344,45.79999923706055,179800
2023-01-04,48.95000076293945,48.95000076293945,49.75,46.689998626708984,46.689998626708984,247800
2023-01-05,46.5099983215332,46.5099983215332,49.060001373291016,46.20000076293945,48.349998474121094,154700
2023-01-06,46.79999923706055,46.79999923706055,47.290000915527344,45.849998474121094,47.290000915527344,126900
2023-01-09,48.369998931884766,48.369998931884766,48.665000915527344,46.599998474121094,46.79999923706055,260900
2023-01-10,49.47999954223633,49.47999954223633,49.650001525878906,47.27000045776367,47.27000045776367,209800
2023-01-11,50.439998626708984,50.439998626708984,50.77000045776367,49.0099983215332,49.95000076293945,164000
2023-01-12,51.5,51.5,52.029998779296875,49.665000915527344,50.540000915527344,184700
2023-01-13,51.849998474121094,51.849998474121094,52.279998779296875,50.5099983215332,51.0099983215332,145500
2023-01-17,52.93000030517578,52.93000030517578,53.060001373291016,51.5,51.81999969482422,131100
2023-01-18,51.189998626708984,51.189998626708984,54.0099983215332,51.0,52.900001525878906,148500
2023-01-19,51.380001068115234,51.380001068115234,51.970001220703125,50.11000061035156,50.68000030517578,108100
2023-01-20,49.220001220703125,49.220001220703125,52.02000045776367,48.33000183105469,51.97999954223633,255200
2023-01-23,49.869998931884766,49.869998931884766,50.27000045776367,49.060001373291016,49.38999938964844,128200
2023-01-24,49.93000030517578,49.93000030517578,50.564998626708984,49.279998779296875,49.63999938964844,90000
2023-01-25,50.0,50.0,50.125,49.09000015258789,49.4900016784668,85200
2023-01-26,50.0,50.0,52.28499984741211,49.41999816894531,50.209999084472656,121400
2023-01-27,49.66999816894531,49.66999816894531,50.459999084472656,49.29999923706055,49.540000915527344,104300
2023-01-30,49.810001373291016,49.810001373291016,50.06999969482422,49.13999938964844,49.18000030517578,94100
2023-01-31,51.11000061035156,51.11000061035156,51.279998779296875,49.720001220703125,49.9900016784668,179500
2023-02-01,51.310001373291016,51.310001373291016,52.040000915527344,50.2400016784668,50.97999954223633,171500
2023-02-02,54.2400016784668,54.2400016784668,54.345001220703125,51.150001525878906,51.5,163400
2023-02-03,53.560001373291016,53.560001373291016,54.18000030517578,52.819000244140625,53.59000015258789,149500
2023-02-06,52.0099983215332,52.0099983215332,53.38999938964844,51.29999923706055,53.31999969482422,97600
2023-02-07,51.54999923706055,51.54999923706055,52.22999954223633,51.099998474121094,51.81999969482422,220300
2023-02-08,50.97999954223633,50.97999954223633,52.474998474121094,50.72999954223633,51.09000015258789,86500
2023-02-09,50.209999084472656,50.209999084472656,51.470001220703125,49.77000045776367,51.310001373291016,84500
2023-02-10,50.08000183105469,50.08000183105469,50.56999969482422,49.41999816894531,50.22999954223633,81700
2023-02-13,50.880001068115234,50.880001068115234,51.2400016784668,49.470001220703125,50.27000045776367,98500
2023-02-14,49.369998931884766,49.369998931884766,50.91999816894531,48.84000015258789,50.88999938964844,101700
2023-02-15,52.5099983215332,52.5099983215332,52.720001220703125,49.310001373291016,49.310001373291016,211100
2023-02-16,53.380001068115234,53.380001068115234,55.06999969482422,50.05500030517578,52.5099983215332,237700
2023-02-17,58.400001525878906,58.400001525878906,58.77000045776367,54.02000045776367,54.720001220703125,395100
2023-02-21,58.310001373291016,58.310001373291016,58.439998626708984,56.724998474121094,57.459999084472656,247500
2023-02-22,58.9900016784668,58.9900016784668,59.97999954223633,58.310001373291016,58.310001373291016,246800
2023-02-23,60.27000045776367,60.27000045776367,60.4900016784668,59.064998626708984,59.2400016784668,220600
2023-02-24,61.040000915527344,61.040000915527344,61.97999954223633,59.54999923706055,59.54999923706055,195600
2023-02-27,60.400001525878906,60.400001525878906,62.78900146484375,59.97999954223633,61.16999816894531,162600
2023-02-28,60.0,60.0,61.68000030517578,59.619998931884766,60.369998931884766,134000
2023-03-01,60.70000076293945,60.70000076293945,60.75,59.599998474121094,60.029998779296875,119500
2023-03-02,60.400001525878906,60.400001525878906,60.630001068115234,59.8650016784668,60.20000076293945,104100
2023-03-03,60.95000076293945,60.95000076293945,60.959999084472656,59.619998931884766,60.369998931884766,86900
2023-03-06,60.43000030517578,60.43000030517578,61.06999969482422,59.439998626708984,61.06999969482422,161300
2023-03-07,59.59000015258789,59.59000015258789,60.83000183105469,57.790000915527344,60.40999984741211,222300
2023-03-08,59.939998626708984,59.939998626708984,61.2400016784668,58.790000915527344,59.70000076293945,159700
2023-03-09,59.11000061035156,59.11000061035156,60.560001373291016,58.88999938964844,59.970001220703125,118200
2023-03-10,55.45000076293945,55.45000076293945,58.47999954223633,55.029998779296875,58.310001373291016,182000
2023-03-13,54.70000076293945,54.70000076293945,55.845001220703125,51.560001373291016,53.93000030517578,128600
2023-03-14,56.470001220703125,56.470001220703125,57.29499816894531,55.709999084472656,56.630001068115234,94800
2023-03-15,54.290000915527344,54.290000915527344,55.09000015258789,52.8650016784668,54.7599983215332,131500
2023-03-16,55.27000045776367,55.27000045776367,55.790000915527344,51.34000015258789,53.59000015258789,230800
2023-03-17,51.45000076293945,51.45000076293945,55.06999969482422,50.150001525878906,55.06999969482422,434500
2023-03-20,53.08000183105469,53.08000183105469,54.959999084472656,51.73500061035156,52.20000076293945,121300
2023-03-21,55.529998779296875,55.529998779296875,56.04999923706055,54.400001525878906,54.400001525878906,111900
2023-03-22,54.5,54.5,56.56999969482422,54.5,55.43000030517578,129600
2023-03-23,53.06999969482422,53.06999969482422,55.13999938964844,52.58000183105469,54.83000183105469,81600
2023-03-24,53.689998626708984,53.689998626708984,53.689998626708984,50.814998626708984,52.36000061035156,78900
2023-03-27,53.93000030517578,53.93000030517578,55.650001525878906,53.8380012512207,54.54999923706055,76900
2023-03-28,53.86000061035156,53.86000061035156,54.459999084472656,53.47999954223633,53.66999816894531,58000
2023-03-29,54.790000915527344,54.790000915527344,55.07500076293945,53.790000915527344,54.56999969482422,81900
2023-03-30,53.47999954223633,53.47999954223633,55.220001220703125,53.125,54.939998626708984,79100
2023-03-31,55.20000076293945,55.20000076293945,55.869998931884766,53.66999816894531,53.66999816894531,148400
2023-04-03,54.779998779296875,54.779998779296875,55.52000045776367,53.20000076293945,54.97999954223633,116100
2023-04-04,53.20000076293945,53.20000076293945,56.82500076293945,52.82500076293945,55.040000915527344,70700
2023-04-05,53.7599983215332,53.7599983215332,54.939998626708984,53.47999954223633,54.060001373291016,120600
2023-04-06,54.58000183105469,54.58000183105469,55.13999938964844,53.7599983215332,54.04999923706055,70200
2023-04-10,54.90999984741211,54.90999984741211,55.029998779296875,54.0,54.560001373291016,115700
2023-04-11,54.86000061035156,54.86000061035156,55.47999954223633,54.2599983215332,55.150001525878906,90200
2023-04-12,53.86000061035156,53.86000061035156,55.90999984741211,53.77000045776367,55.220001220703125,94700
2023-04-13,55.06999969482422,55.06999969482422,55.43000030517578,53.75,54.36000061035156,127400
2023-04-14,53.95000076293945,53.95000076293945,55.099998474121094,52.630001068115234,54.779998779296875,94800
2023-04-17,53.70000076293945,53.70000076293945,54.61000061035156,53.58000183105469,54.040000915527344,86300
2023-04-18,52.36000061035156,52.36000061035156,53.88999938964844,52.15999984741211,53.88999938964844,99300
2023-04-19,52.63999938964844,52.63999938964844,52.7400016784668,51.290000915527344,52.279998779296875,141100
2023-04-20,53.81999969482422,53.81999969482422,54.310001373291016,52.650001525878906,52.650001525878906,133900
2023-04-21,52.849998474121094,52.849998474121094,53.86000061035156,52.29999923706055,53.86000061035156,92300
2023-04-24,52.5,52.5,53.4900016784668,52.060001373291016,53.0,108300
2023-04-25,51.95000076293945,51.95000076293945,52.56999969482422,51.619998931884766,51.810001373291016,85900
2023-04-26,49.959999084472656,49.959999084472656,51.810001373291016,49.720001220703125,51.810001373291016,69600
2023-04-27,50.880001068115234,50.880001068115234,51.400001525878906,49.84000015258789,50.16999816894531,97800
2023-04-28,50.2599983215332,50.2599983215332,51.41999816894531,50.189998626708984,50.70000076293945,114500
2023-05-01,50.540000915527344,50.540000915527344,51.56999969482422,50.2599983215332,50.43000030517578,110900
2023-05-02,48.7400016784668,48.7400016784668,50.849998474121094,48.0099983215332,50.5,110600
2023-05-03,49.630001068115234,49.630001068115234,50.03499984741211,48.5,49.31999969482422,264200
2023-05-04,49.13999938964844,49.13999938964844,52.810001373291016,48.540000915527344,50.72999954223633,200400
2023-05-05,51.0,51.0,52.25,49.810001373291016,49.810001373291016,195200
2023-05-08,50.70000076293945,50.70000076293945,51.744998931884766,50.38999938964844,51.0,123900
2023-05-09,48.959999084472656,48.959999084472656,50.5,48.91999816894531,50.5,199300
2023-05-10,49.5,49.5,49.970001220703125,48.84000015258789,49.66999816894531,196000
2023-05-11,47.95000076293945,47.95000076293945,49.439998626708984,47.90999984741211,48.97999954223633,161900
2023-05-12,47.029998779296875,47.029998779296875,48.5,46.78200149536133,48.150001525878906,126000
2023-05-15,47.11000061035156,47.11000061035156,47.58000183105469,46.09000015258789,47.09000015258789,159700
2023-05-16,49.58000183105469,49.58000183105469,53.439998626708984,48.619998931884766,48.650001525878906,257300
2023-05-17,50.060001373291016,50.060001373291016,51.11000061035156,49.290000915527344,49.720001220703125,180600
2023-05-18,50.95000076293945,50.95000076293945,51.06999969482422,49.2599983215332,49.97999954223633,142800
2023-05-19,52.369998931884766,52.369998931884766,52.380001068115234,51.189998626708984,51.72999954223633,149400
2023-05-22,53.04999923706055,53.04999923706055,53.369998931884766,52.029998779296875,52.4900016784668,122800
2023-05-23,51.47999954223633,51.47999954223633,53.650001525878906,51.029998779296875,52.959999084472656,144300
2023-05-24,49.0,49.0,51.310001373291016,48.9900016784668,51.310001373291016,75800
2023-05-25,48.79999923706055,48.79999923706055,49.744998931884766,47.45500183105469,48.849998474121094,139800
2023-05-26,47.81999969482422,47.81999969482422,49.09000015258789,47.38999938964844,48.869998931884766,91800
2023-05-30,47.279998779296875,47.279998779296875,48.18000030517578,46.66999816894531,47.900001525878906,115700
2023-05-31,54.65999984741211,54.65999984741211,55.76499938964844,48.81999969482422,48.83000183105469,667900
2023-06-01,52.93000030517578,52.93000030517578,55.119998931884766,52.70000076293945,54.2599983215332,240400
2023-06-02,54.16999816894531,54.16999816894531,54.27000045776367,53.02000045776367,53.65999984741211,126500
2023-06-05,55.15999984741211,55.15999984741211,55.310001373291016,52.02000045776367,53.599998474121094,120300
2023-06-06,56.369998931884766,56.369998931884766,57.900001525878906,55.20000076293945,55.34000015258789,148700
2023-06-07,59.0099983215332,59.0099983215332,59.472999572753906,56.75,56.88999938964844,165000
2023-06-08,59.43000030517578,59.43000030517578,60.33000183105469,58.380001068115234,58.900001525878906,121000
2023-06-09,59.060001373291016,59.060001373291016,59.70000076293945,57.625,59.27000045776367,99500
2023-06-12,58.81999969482422,58.81999969482422,59.720001220703125,58.2599983215332,59.11000061035156,118700
2023-06-13,58.16999816894531,58.16999816894531,59.292999267578125,57.900001525878906,58.97999954223633,139300
2023-06-14,56.529998779296875,56.529998779296875,58.5,56.2400016784668,58.16999816894531,138400
2023-06-15,56.4900016784668,56.4900016784668,57.54999923706055,55.7400016784668,56.470001220703125,170000
2023-06-16,56.11000061035156,56.11000061035156,57.95000076293945,55.334999084472656,57.16999816894531,522600
2023-06-20,58.61000061035156,58.61000061035156,58.970001220703125,55.65999984741211,56.130001068115234,153600
2023-06-21,56.70000076293945,56.70000076293945,58.56999969482422,56.474998474121094,58.34000015258789,205300
2023-06-22,58.20000076293945,58.20000076293945,58.380001068115234,56.439998626708984,56.70000076293945,145100
2023-06-23,60.13999938964844,60.13999938964844,60.689998626708984,57.529998779296875,57.529998779296875,364100
2023-06-26,59.43000030517578,59.43000030517578,60.35499954223633,58.02000045776367,59.9900016784668,191100
2023-06-27,60.15999984741211,60.15999984741211,61.29499816894531,59.59000015258789,59.59000015258789,134900
2023-06-28,58.939998626708984,58.939998626708984,59.95000076293945,58.130001068115234,59.95000076293945,141900
2023-06-29,58.7400016784668,58.7400016784668,59.29999923706055,58.27000045776367,59.099998474121094,161700
2023-06-30,58.040000915527344,58.040000915527344,59.5099983215332,58.0,59.0099983215332,85800
2023-07-03,58.34000015258789,58.34000015258789,58.7400016784668,57.53499984741211,57.54999923706055,52200
2023-07-05,57.41999816894531,57.41999816894531,58.0,56.15999984741211,58.0,112100
2023-07-06,56.18000030517578,56.18000030517578,57.189998626708984,55.849998474121094,56.900001525878906,56500
2023-07-07,56.61000061035156,56.61000061035156,57.14500045776367,56.39500045776367,56.5,64400
2023-07-10,57.2400016784668,57.2400016784668,57.7599983215332,56.77000045776367,56.84000015258789,94100
2023-07-11,56.279998779296875,56.279998779296875,57.88999938964844,56.07500076293945,57.2400016784668,74500
2023-07-12,56.959999084472656,56.959999084472656,57.459999084472656,56.47999954223633,56.689998626708984,97300
2023-07-13,57.43000030517578,57.43000030517578,57.994998931884766,56.875,57.02000045776367,89600
2023-07-14,56.209999084472656,56.209999084472656,57.494998931884766,56.18000030517578,57.36000061035156,109800
2023-07-17,57.119998931884766,57.119998931884766,57.86000061035156,55.25,55.25,125100
2023-07-18,57.560001373291016,57.560001373291016,57.970001220703125,56.16999816894531,57.09000015258789,126600
2023-07-19,57.7400016784668,57.7400016784668,58.30500030517578,57.36000061035156,57.599998474121094,61800
2023-07-20,59.02000045776367,59.02000045776367,59.060001373291016,57.59000015258789,57.939998626708984,55700
2023-07-21,59.119998931884766,59.119998931884766,59.845001220703125,58.064998626708984,59.540000915527344,97700
2023-07-24,59.13999938964844,59.13999938964844,59.720001220703125,58.939998626708984,59.130001068115234,43900
2023-07-25,59.47999954223633,59.47999954223633,60.16999816894531,58.6150016784668,58.91999816894531,65900
2023-07-26,60.45000076293945,60.45000076293945,60.689998626708984,58.77000045776367,59.47999954223633,58100
2023-07-27,60.689998626708984,60.689998626708984,60.875,59.7599983215332,60.599998474121094,63400
2023-07-28,60.18000030517578,60.18000030517578,61.56999969482422,59.65999984741211,61.18000030517578,62800
2023-07-31,60.560001373291016,60.560001373291016,61.185001373291016,59.77000045776367,60.15999984741211,88900
2023-08-01,60.15999984741211,60.15999984741211,60.47999954223633,59.43000030517578,60.47999954223633,45200
2023-08-02,60.0,60.0,60.22999954223633,58.13999938964844,59.54999923706055,106300
2023-08-03,57.7599983215332,57.7599983215332,59.4900016784668,55.3650016784668,59.4900016784668,189900
2023-08-04,58.52000045776367,58.52000045776367,59.849998474121094,57.83000183105469,57.83000183105469,67900
2023-08-07,58.43000030517578,58.43000030517578,59.130001068115234,57.63999938964844,58.66999816894531,154800
2023-08-08,57.2599983215332,57.2599983215332,58.38999938964844,56.599998474121094,58.209999084472656,120700
2023-08-09,57.63999938964844,57.63999938964844,58.209999084472656,56.2400016784668,57.099998474121094,84400
2023-08-10,56.900001525878906,56.900001525878906,58.16999816894531,54.650001525878906,57.65999984741211,170000
2023-08-11,56.75,56.75,57.25,56.060001373291016,56.650001525878906,130000
2023-08-14,55.2400016784668,55.2400016784668,56.61000061035156,54.439998626708984,56.61000061035156,116400
2023-08-15,53.83000183105469,53.83000183105469,55.13999938964844,53.77000045776367,54.81999969482422,130000
2023-08-16,54.880001068115234,54.880001068115234,57.119998931884766,53.90999984741211,53.90999984741211,64600
2023-08-17,54.40999984741211,54.40999984741211,55.279998779296875,54.22999954223633,54.974998474121094,66700
2023-08-18,52.290000915527344,52.290000915527344,54.66999816894531,52.209999084472656,54.08000183105469,125200
2023-08-21,51.400001525878906,51.400001525878906,52.56999969482422,50.83000183105469,52.290000915527344,79800
2023-08-22,50.93000030517578,50.93000030517578,51.93000030517578,50.619998931884766,51.63999938964844,78700
2023-08-23,50.9900016784668,50.9900016784668,51.70000076293945,50.630001068115234,51.029998779296875,149100
2023-08-24,51.040000915527344,51.040000915527344,51.79999923706055,50.66999816894531,50.66999816894531,67900
2023-08-25,50.54999923706055,50.54999923706055,51.38999938964844,50.5,51.189998626708984,71900
2023-08-28,48.790000915527344,48.790000915527344,51.060001373291016,48.45500183105469,50.70000076293945,118900
2023-08-29,51.02000045776367,51.02000045776367,51.334999084472656,48.904998779296875,48.91999816894531,111000
2023-08-30,50.95000076293945,50.95000076293945,52.04999923706055,50.72999954223633,50.72999954223633,76600
2023-08-31,51.0099983215332,51.0099983215332,51.68000030517578,50.67499923706055,50.91999816894531,170600
2023-09-01,52.06999969482422,52.06999969482422,52.560001373291016,51.189998626708984,51.189998626708984,75900
2023-09-05,50.08000183105469,50.08000183105469,51.65999984741211,49.849998474121094,51.65999984741211,129500
2023-09-06,49.95000076293945,49.95000076293945,50.625,49.310001373291016,50.27000045776367,91800
2023-09-07,51.2599983215332,51.2599983215332,51.650001525878906,49.345001220703125,49.95000076293945,129400
2023-09-08,51.27000045776367,51.27000045776367,51.380001068115234,50.20000076293945,51.220001220703125,141400
2023-09-11,51.709999084472656,51.709999084472656,52.41699981689453,51.25,51.38999938964844,105300
2023-09-12,52.220001220703125,52.220001220703125,52.470001220703125,51.099998474121094,51.68000030517578,86600
2023-09-13,51.189998626708984,51.189998626708984,52.16999816894531,50.7400016784668,52.16999816894531,121300
2023-09-14,52.310001373291016,52.310001373291016,52.529998779296875,51.59000015258789,51.59000015258789,86100
2023-09-15,51.90999984741211,51.90999984741211,52.5,51.01499938964844,52.40999984741211,423700
2023-09-18,53.2400016784668,53.2400016784668,53.52000045776367,51.380001068115234,51.97999954223633,98400
2023-09-19,53.72999954223633,53.72999954223633,54.279998779296875,53.369998931884766,53.439998626708984,65700
2023-09-20,53.41999816894531,53.41999816894531,54.30699920654297,53.36000061035156,53.90999984741211,104900
2023-09-21,52.04999923706055,52.04999923706055,53.18000030517578,51.68000030517578,53.18000030517578,83900
2023-09-22,51.630001068115234,51.630001068115234,52.22999954223633,51.560001373291016,51.9900016784668,90000
2023-09-25,51.0,51.0,51.540000915527344,49.775001525878906,51.540000915527344,93300
2023-09-26,50.33000183105469,50.33000183105469,51.47999954223633,50.290000915527344,50.43000030517578,110100
2023-09-27,51.06999969482422,51.06999969482422,52.0,50.470001220703125,50.70000076293945,127300
2023-09-28,50.13999938964844,50.13999938964844,51.44499969482422,50.02000045776367,51.040000915527344,125000
2023-09-29,50.75,50.75,51.209999084472656,49.790000915527344,50.22999954223633,390600
2023-10-02,49.72999954223633,49.72999954223633,50.900001525878906,49.209999084472656,50.47999954223633,150000
2023-10-03,49.36000061035156,49.36000061035156,49.53499984741211,48.529998779296875,49.529998779296875,73700
2023-10-04,49.470001220703125,49.470001220703125,49.86000061035156,48.720001220703125,49.310001373291016,76100
2023-10-05,50.5,50.5,50.630001068115234,49.189998626708984,49.189998626708984,119700
2023-10-06,49.95000076293945,49.95000076293945,51.64500045776367,49.62300109863281,50.29999923706055,238800
2023-10-09,50.790000915527344,50.790000915527344,50.81999969482422,48.720001220703125,49.38999938964844,161100
2023-10-10,50.81999969482422,50.81999969482422,52.275001525878906,50.689998626708984,50.88999938964844,260500
2023-10-11,52.209999084472656,52.209999084472656,52.470001220703125,51.15999984741211,51.15999984741211,146200
2023-10-12,51.5099983215332,51.5099983215332,52.209999084472656,50.9900016784668,52.209999084472656,58400
2023-10-13,50.97999954223633,50.97999954223633,52.290000915527344,50.67499923706055,51.65999984741211,68900
2023-10-16,52.54999923706055,52.54999923706055,52.814998626708984,51.310001373291016,51.529998779296875,105100
2023-10-17,53.25,53.25,53.88999938964844,52.34000015258789,52.34000015258789,101800
2023-10-18,52.54999923706055,52.54999923706055,53.54999923706055,52.40999984741211,53.16999816894531,71600
2023-10-19,51.31999969482422,51.31999969482422,52.709999084472656,50.900001525878906,52.22999954223633,103700
2023-10-20,49.349998474121094,49.349998474121094,51.43000030517578,49.16999816894531,51.43000030517578,119400
2023-10-23,48.58000183105469,48.58000183105469,49.75,48.07500076293945,49.11000061035156,119700
2023-10-24,50.060001373291016,50.060001373291016,50.08000183105469,48.22999954223633,48.63999938964844,135900
2023-10-25,49.68000030517578,49.68000030517578,50.834999084472656,49.5,49.720001220703125,84600
2023-10-26,50.720001220703125,50.720001220703125,51.02000045776367,49.7400016784668,49.91999816894531,82300
2023-10-27,49.36000061035156,49.36000061035156,50.47999954223633,48.654998779296875,50.47999954223633,125300
2023-10-30,49.869998931884766,49.869998931884766,50.2400016784668,49.084999084472656,49.939998626708984,164500
2023-10-31,50.08000183105469,50.08000183105469,50.35499954223633,49.72999954223633,49.849998474121094,193500
2023-11-01,51.220001220703125,51.220001220703125,51.29999923706055,49.90999984741211,49.90999984741211,218900
2023-11-02,56.369998931884766,56.369998931884766,56.849998474121094,54.91999816894531,56.79999923706055,275700
2023-11-03,56.36000061035156,56.36000061035156,57.650001525878906,55.80500030517578,57.650001525878906,215800
2023-11-06,56.97999954223633,56.97999954223633,57.779998779296875,55.130001068115234,56.040000915527344,130900
2023-11-07,57.130001068115234,57.130001068115234,57.459999084472656,55.970001220703125,57.459999084472656,221400
2023-11-08,58.5,58.5,58.6349983215332,55.84000015258789,56.599998474121094,161200
2023-11-09,57.7599983215332,57.7599983215332,58.810001373291016,57.20500183105469,58.5,128900
2023-11-10,59.599998474121094,59.599998474121094,59.65999984741211,58.040000915527344,58.27000045776367,150000
2023-11-13,60.66999816894531,60.66999816894531,60.75,58.7400016784668,59.040000915527344,94000
2023-11-14,60.2400016784668,60.2400016784668,62.119998931884766,59.665000915527344,61.91999816894531,124700
2023-11-15,58.869998931884766,58.869998931884766,61.3849983215332,58.72999954223633,60.0,99200
2023-11-16,58.59000015258789,58.59000015258789,59.130001068115234,58.209999084472656,59.02000045776367,173000
2023-11-17,59.400001525878906,59.400001525878906,60.224998474121094,58.900001525878906,58.900001525878906,137400
2023-11-20,58.529998779296875,58.529998779296875,59.34000015258789,58.380001068115234,59.099998474121094,85400
2023-11-21,59.61000061035156,59.61000061035156,59.77000045776367,58.525001525878906,58.720001220703125,157500
2023-11-22,58.2400016784668,58.2400016784668,59.36000061035156,57.400001525878906,59.25,147400
2023-11-24,59.66999816894531,59.66999816894531,59.66999816894531,58.029998779296875,58.029998779296875,47300
2023-11-27,59.83000183105469,59.83000183105469,60.13999938964844,58.95000076293945,59.599998474121094,133900
2023-11-28,59.11000061035156,59.11000061035156,59.88999938964844,58.840999603271484,59.779998779296875,121200
2023-11-29,58.41999816894531,58.41999816894531,60.0,58.02299880981445,59.59000015258789,102900
2023-11-30,58.5099983215332,58.5099983215332,58.790000915527344,57.90999984741211,58.790000915527344,121700
2023-12-01,58.84000015258789,58.84000015258789,59.439998626708984,58.090999603271484,58.5099983215332,123500
2023-12-04,63.150001525878906,63.150001525878906,63.16999816894531,59.02000045776367,59.02000045776367,265200
2023-12-05,63.0099983215332,63.0099983215332,64.41000366210938,62.55500030517578,63.34000015258789,183600
2023-12-06,61.86000061035156,61.86000061035156,63.15999984741211,61.36000061035156,63.060001373291016,175800
2023-12-07,60.150001525878906,60.150001525878906,62.52000045776367,59.75,62.45000076293945,130600
2023-12-08,61.060001373291016,61.060001373291016,61.18000030517578,59.654998779296875,59.869998931884766,93900
2023-12-11,61.0,61.0,61.28300094604492,60.41999816894531,60.86000061035156,99900
2023-12-12,61.22999954223633,61.22999954223633,61.630001068115234,60.400001525878906,61.189998626708984,117700
2023-12-13,63.369998931884766,63.369998931884766,64.03500366210938,60.54499816894531,61.040000915527344,193000
2023-12-14,60.880001068115234,60.880001068115234,64.37000274658203,59.70000076293945,64.2699966430664,201400
2023-12-15,58.25,58.25,61.37300109863281,57.869998931884766,60.84000015258789,405800
2023-12-18,58.27000045776367,58.27000045776367,58.810001373291016,57.83000183105469,58.63999938964844,123600
2023-12-19,59.380001068115234,59.380001068115234,59.7599983215332,58.025001525878906,58.7400016784668,259300
2023-12-20,57.9900016784668,57.9900016784668,59.88999938964844,57.9900016784668,59.40999984741211,148600
2023-12-21,57.459999084472656,57.459999084472656,58.3650016784668,56.689998626708984,58.31999969482422,118400
2023-12-22,57.369998931884766,57.369998931884766,59.130001068115234,56.869998931884766,57.86000061035156,91100
2023-12-26,57.0,57.0,57.7400016784668,56.79999923706055,57.7400016784668,182700
2023-12-27,56.34000015258789,56.34000015258789,57.470001220703125,56.119998931884766,56.91999816894531,108400
2023-12-28,55.709999084472656,55.709999084472656,56.56999969482422,55.529998779296875,56.13999938964844,87600
2023-12-29,55.5,55.5,55.939998626708984,55.11000061035156,55.560001373291016,86700
2024-01-02,56.66999816894531,56.66999816894531,56.68000030517578,54.5,54.5,180400
2024-01-03,57.099998474121094,57.099998474121094,57.43000030517578,55.994998931884766,56.59000015258789,133500
2024-01-04,58.47999954223633,58.47999954223633,59.36000061035156,57.22999954223633,57.97999954223633,131100
2024-01-05,57.880001068115234,57.880001068115234,59.119998931884766,57.810001373291016,58.040000915527344,137300
2024-01-08,56.209999084472656,56.209999084472656,57.619998931884766,55.779998779296875,57.619998931884766,106700
2024-01-09,56.099998474121094,56.099998474121094,56.44499969482422,54.810001373291016,55.93000030517578,90800
2024-01-10,56.68000030517578,56.68000030517578,56.689998626708984,55.25299835205078,56.08000183105469,114700
2024-01-11,59.7599983215332,59.7599983215332,59.869998931884766,56.66999816894531,57.02000045776367,179100
2024-01-12,62.720001220703125,62.720001220703125,63.0,59.970001220703125,60.0,256000
2024-01-16,61.04999923706055,61.04999923706055,63.04999923706055,60.099998474121094,62.68000030517578,141000
2024-01-17,61.34000015258789,61.34000015258789,61.38999938964844,60.22999954223633,60.29999923706055,131200
2024-01-18,61.70000076293945,61.70000076293945,61.939998626708984,60.900001525878906,61.470001220703125,115300
2024-01-19,62.5,62.5,62.709999084472656,61.584999084472656,62.38999938964844,122400
2024-01-22,62.310001373291016,62.310001373291016,63.13999938964844,61.369998931884766,63.025001525878906,170000
2024-01-23,61.72999954223633,61.72999954223633,63.94499969482422,61.525001525878906,63.0,161900
2024-01-24,60.08000183105469,60.08000183105469,62.16999816894531,60.0099983215332,62.16999816894531,138500
2024-01-25,60.0,60.0,61.30500030517578,58.060001373291016,60.5,112300
2024-01-26,60.93000030517578,60.93000030517578,61.75,60.185001373291016,60.56999969482422,100500
2024-01-29,61.619998931884766,61.619998931884766,61.619998931884766,59.91999816894531,60.130001068115234,126900
2024-01-30,60.310001373291016,60.310001373291016,62.349998474121094,60.029998779296875,61.619998931884766,92300
2024-01-31,59.869998931884766,59.869998931884766,61.064998626708984,59.81999969482422,60.45000076293945,148600
2024-02-01,59.02000045776367,59.02000045776367,59.84000015258789,58.06999969482422,59.66999816894531,138600
2024-02-02,58.59000015258789,58.59000015258789,59.91999816894531,58.27000045776367,58.72999954223633,60400
2024-02-05,58.27000045776367,58.27000045776367,58.5,57.54999923706055,58.38999938964844,108300
2024-02-06,58.810001373291016,58.810001373291016,59.345001220703125,57.630001068115234,58.15999984741211,60100
2024-02-07,59.400001525878906,59.400001525878906,59.70000076293945,57.68000030517578,59.16999816894531,94400
2024-02-08,59.72999954223633,59.72999954223633,60.00600051879883,58.77000045776367,59.16999816894531,69100
2024-02-09,60.849998474121094,60.849998474121094,61.24399948120117,59.66999816894531,59.75,149100
2024-02-12,61.63999938964844,61.63999938964844,61.94499969482422,60.75,60.95000076293945,114600
2024-02-13,59.43000030517578,59.43000030517578,62.310001373291016,59.07500076293945,60.880001068115234,178400
2024-02-14,62.20000076293945,62.20000076293945,63.21500015258789,59.45000076293945,59.45000076293945,419100
2024-02-15,73.6500015258789,73.6500015258789,73.9000015258789,66.80999755859375,66.93000030517578,558400
2024-02-16,74.12999725341797,74.12999725341797,76.09500122070312,73.61000061035156,74.36000061035156,367400
2024-02-20,75.37000274658203,75.37000274658203,75.80000305175781,73.38800048828125,73.55999755859375,162700
2024-02-21,73.0,73.0,75.95500183105469,72.87000274658203,75.83000183105469,332800
2024-02-22,75.27999877929688,75.27999877929688,75.38999938964844,72.93000030517578,72.97000122070312,265900
2024-02-23,75.73999786376953,75.73999786376953,76.6500015258789,74.68000030517578,75.18000030517578,111000
2024-02-26,74.93000030517578,74.93000030517578,76.76000213623047,74.87000274658203,75.18000030517578,97200
2024-02-27,75.16999816894531,75.16999816894531,75.83499908447266,74.54000091552734,75.51000213623047,145000
2024-02-28,75.12999725341797,75.12999725341797,75.58000183105469,74.26499938964844,75.05000305175781,116300
2024-02-29,76.13999938964844,76.13999938964844,76.44000244140625,75.18000030517578,75.83000183105469,119700
2024-03-01,75.45999908447266,75.45999908447266,76.94000244140625,75.125,75.87000274658203,106700
2024-03-04,73.80000305175781,73.80000305175781,76.41600036621094,73.80000305175781,75.45999908447266,178900
2024-03-05,73.61000061035156,73.61000061035156,74.7249984741211,72.8499984741211,73.30999755859375,116700
2024-03-06,75.05000305175781,75.05000305175781,75.19999694824219,73.30000305175781,73.81999969482422,69100
2024-03-07,73.63999938964844,73.63999938964844,75.69000244140625,73.30999755859375,75.69000244140625,62100
2024-03-08,74.31999969482422,74.31999969482422,75.16999816894531,73.87999725341797,74.44000244140625,78500
2024-03-11,73.30000305175781,73.30000305175781,73.98999786376953,72.98999786376953,73.43000030517578,66100
2024-03-12,74.1500015258789,74.1500015258789,74.81999969482422,71.54000091552734,73.05000305175781,98300
2024-03-13,76.06999969482422,76.06999969482422,76.36000061035156,74.27300262451172,74.55000305175781,192300
2024-03-14,82.8499984741211,82.8499984741211,84.57499694824219,78.13999938964844,78.18000030517578,515700
2024-03-15,82.0199966430664,82.0199966430664,82.77999877929688,80.58000183105469,81.98999786376953,359600
2024-03-18,83.0,83.0,86.25499725341797,81.98500061035156,82.73999786376953,205900
2024-03-19,83.69000244140625,83.69000244140625,84.3499984741211,82.33000183105469,82.33000183105469,187200
2024-03-20,82.37000274658203,82.37000274658203,83.8499984741211,81.88700103759766,83.0199966430664,258000
2024-03-21,82.25,82.25,83.69999694824219,81.75,83.02999877929688,247900
2024-03-22,81.69999694824219,81.69999694824219,83.55999755859375,81.51000213623047,82.54000091552734,124600
2024-03-25,82.20999908447266,82.20999908447266,82.43000030517578,81.55000305175781,82.1500015258789,74800
2024-03-26,83.83000183105469,83.83000183105469,84.30000305175781,81.95999908447266,82.0199966430664,144000
2024-03-27,84.25,84.25,85.51100158691406,83.5,84.79000091552734,170400
2024-03-28,83.83000183105469,83.83000183105469,84.70999908447266,83.5199966430664,83.9800033569336,176000
2024-04-01,82.19000244140625,82.19000244140625,84.11000061035156,81.62000274658203,84.11000061035156,94700
2024-04-02,81.58999633789062,81.58999633789062,81.72000122070312,80.33000183105469,81.5199966430664,151400
2024-04-03,82.63999938964844,82.63999938964844,83.87000274658203,81.0,81.0,153200
2024-04-04,80.55999755859375,80.55999755859375,83.74500274658203,80.47000122070312,83.47000122070312,95300
2024-04-05,81.47000122070312,81.47000122070312,82.83499908447266,80.4000015258789,80.63999938964844,147300
2024-04-08,78.41999816894531,78.41999816894531,79.86000061035156,76.08000183105469,79.69000244140625,136800
2024-04-09,77.22000122070312,77.22000122070312,79.0250015258789,76.50499725341797,78.55999755859375,100700
2024-04-10,76.94000244140625,76.94000244140625,77.37999725341797,75.22000122070312,76.23999786376953,95700
2024-04-11,75.54000091552734,75.54000091552734,77.51799774169922,75.54000091552734,77.44000244140625,141000
2024-04-12,74.41000366210938,74.41000366210938,76.43000030517578,74.08999633789062,75.12000274658203,142600
2024-04-15,75.20999908447266,75.20999908447266,76.4000015258789,74.94999694824219,75.5999984741211,94700
2024-04-16,76.47000122070312,76.47000122070312,77.16999816894531,74.7750015258789,75.54000091552734,124500
2024-04-17,76.9000015258789,76.9000015258789,77.1500015258789,75.48999786376953,76.69000244140625,138400
2024-04-18,77.7699966430664,77.7699966430664,78.7300033569336,76.19999694824219,76.80000305175781,228900
2024-04-19,79.22000122070312,79.22000122070312,79.41999816894531,77.37000274658203,77.37000274658203,144800
2024-04-22,79.83999633789062,79.83999633789062,80.86000061035156,78.5719985961914,79.87000274658203,226200
2024-04-23,81.80999755859375,81.80999755859375,81.86499786376953,80.03500366210938,80.23999786376953,122100
2024-04-24,81.37999725341797,81.37999725341797,82.05999755859375,80.2300033569336,81.83000183105469,88200
2024-04-25,81.1500015258789,81.1500015258789,81.72000122070312,80.56099700927734,81.12000274658203,161100
2024-04-26,79.5,79.5,81.98500061035156,77.87999725341797,81.44000244140625,229800
2024-04-29,80.25,80.25,80.5250015258789,78.26000213623047,80.0,173400
2024-04-30,78.66999816894531,78.66999816894531,81.19000244140625,78.58999633789062,80.0,200700
2024-05-01,79.04000091552734,79.04000091552734,80.48999786376953,77.91999816894531,79.02999877929688,130900
2024-05-02,77.97000122070312,77.97000122070312,80.33999633789062,77.16999816894531,79.8499984741211,256600
2024-05-03,80.81999969482422,80.81999969482422,82.91000366210938,78.5199966430664,79.36000061035156,290900
2024-05-06,83.38999938964844,83.38999938964844,84.5199966430664,81.58599853515625,82.05000305175781,195600
2024-05-07,85.11000061035156,85.11000061035156,86.25,82.97000122070312,83.31999969482422,218200
2024-05-08,84.76000213623047,84.76000213623047,85.1500015258789,83.91999816894531,84.44999694824219,101600
2024-05-09,84.06999969482422,84.06999969482422,85.5999984741211,84.01000213623047,85.23999786376953,125200
2024-05-10,83.8499984741211,83.8499984741211,84.30000305175781,82.44999694824219,83.98999786376953,104300
2024-05-13,83.12000274658203,83.12000274658203,84.31999969482422,83.11000061035156,83.9800033569336,204500
2024-05-14,84.05999755859375,84.05999755859375,84.12000274658203,82.66999816894531,83.43000030517578,116900
2024-05-15,83.7699966430664,83.7699966430664,84.98999786376953,82.21299743652344,84.20999908447266,131500
2024-05-16,85.30000305175781,85.30000305175781,85.55000305175781,83.80000305175781,84.0,106900
2024-05-17,87.0999984741211,87.0999984741211,88.0,85.80000305175781,85.80000305175781,317300
2024-05-20,83.5,83.5,89.22000122070312,83.1500015258789,88.18000030517578,199300
2024-05-21,82.62999725341797,82.62999725341797,84.38999938964844,81.52999877929688,83.41000366210938,197600
2024-05-22,82.80000305175781,82.80000305175781,83.26499938964844,80.0,82.93000030517578,143400
2024-05-23,81.66999816894531,81.66999816894531,83.05999755859375,81.0,83.05999755859375,132600
2024-05-24,81.73999786376953,81.73999786376953,82.25,81.30799865722656,82.25,92300
2024-05-28,81.16999816894531,81.16999816894531,82.0,79.33000183105469,81.73999786376953,164300
2024-05-29,84.33999633789062,84.33999633789062,86.06999969482422,81.75,82.29000091552734,240900
2024-05-30,85.0,85.0,86.23999786376953,83.5,84.16000366210938,110700
2024-05-31,84.83999633789062,84.83999633789062,85.83699798583984,83.86499786376953,85.0,190800
2024-06-03,84.6500015258789,84.6500015258789,85.54000091552734,83.0,85.54000091552734,116400
2024-06-04,85.16999816894531,85.16999816894531,85.44000244140625,83.76000213623047,84.08000183105469,105800
2024-06-05,83.05999755859375,83.05999755859375,87.30999755859375,82.66999816894531,85.43000030517578,145900
2024-06-06,86.16999816894531,86.16999816894531,86.29000091552734,82.68000030517578,82.72000122070312,173100
2024-06-07,86.86000061035156,86.86000061035156,88.41000366210938,85.55799865722656,86.26000213623047,289800
2024-06-10,86.0,86.0,87.87999725341797,84.68000030517578,86.16999816894531,218300
2024-06-11,83.69000244140625,83.69000244140625,86.18800354003906,82.5199966430664,85.81999969482422,115200
2024-06-12,85.9000015258789,85.9000015258789,86.05999755859375,83.79499816894531,84.70999908447266,92200
2024-06-13,83.0999984741211,83.0999984741211,85.09500122070312,82.44499969482422,84.79000091552734,132800
2024-06-14,80.12999725341797,80.12999725341797,82.3499984741211,79.69999694824219,82.16999816894531,121100
2024-06-17,80.87000274658203,80.87000274658203,81.01000213623047,78.98999786376953,80.0,78600
2024-06-18,80.97000122070312,80.97000122070312,82.05000305175781,80.00900268554688,81.0,78200
2024-06-20,81.30999755859375,81.30999755859375,81.9800033569336,80.23600006103516,80.31999969482422,88900
2024-06-21,78.16000366210938,78.16000366210938,81.13999938964844,77.51000213623047,81.12999725341797,311900
2024-06-24,78.86000061035156,78.86000061035156,79.4800033569336,77.5,78.0199966430664,126000
2024-06-25,79.61000061035156,79.61000061035156,79.95999908447266,78.19999694824219,78.58000183105469,113700
2024-06-26,78.02999877929688,78.02999877929688,78.94000244140625,77.2750015258789,78.83999633789062,228500
2024-06-27,81.27999877929688,81.27999877929688,81.44000244140625,78.66999816894531,78.66999816894531,135600
2024-06-28,81.1500015258789,81.1500015258789,82.20999908447266,79.96499633789062,81.27999877929688,327100
2024-07-01,83.19999694824219,83.19999694824219,83.22000122070312,80.61000061035156,81.69000244140625,149700
2024-07-02,82.4000015258789,82.4000015258789,83.58999633789062,81.91999816894531,82.83000183105469,117900
2024-07-03,82.2699966430664,82.2699966430664,82.52999877929688,81.12999725341797,82.19999694824219,69700
2024-07-05,82.51000213623047,82.51000213623047,82.8499984741211,81.25,82.72000122070312,96500
2024-07-08,82.9000015258789,82.9000015258789,84.02999877929688,82.19000244140625,82.52999877929688,103400
2024-07-09,80.38999938964844,80.38999938964844,84.15499877929688,79.81999969482422,83.16000366210938,191000
2024-07-10,81.44000244140625,81.44000244140625,81.91999816894531,80.70999908447266,81.0,111600
2024-07-11,84.23999786376953,84.23999786376953,84.43000030517578,81.37000274658203,82.19999694824219,127100
2024-07-12,85.66999816894531,85.66999816894531,86.55999755859375,84.5199966430664,85.37999725341797,152300
2024-07-15,88.87000274658203,88.87000274658203,89.73999786376953,86.36799621582031,86.52999877929688,153500
2024-07-16,91.30999755859375,91.30999755859375,91.45999908447266,88.19000244140625,88.19000244140625,186800
2024-07-17,91.3499984741211,91.3499984741211,93.12000274658203,90.62000274658203,90.80000305175781,202800
2024-07-18,90.33999633789062,90.33999633789062,93.51000213623047,89.66000366210938,90.47000122070312,129100
2024-07-19,88.79000091552734,88.79000091552734,90.58999633789062,88.5199966430664,90.55000305175781,109000
2024-07-22,90.22000122070312,90.22000122070312,90.32499694824219,87.75299835205078,88.7300033569336,93200
2024-07-23,91.41000366210938,91.41000366210938,92.75,90.43499755859375,90.5999984741211,112000
2024-07-24,89.0199966430664,89.0199966430664,91.36000061035156,88.81500244140625,91.06999969482422,95000
2024-07-25,88.69999694824219,88.69999694824219,90.93000030517578,88.44000244140625,89.61000061035156,124400
2024-07-26,91.66999816894531,91.66999816894531,91.90299987792969,89.4000015258789,89.5999984741211,122500
2024-07-29,88.7699966430664,88.7699966430664,91.66000366210938,88.58000183105469,91.38999938964844,150000
2024-07-30,92.05000305175781,92.05000305175781,92.58000183105469,89.4800033569336,89.4800033569336,131200
2024-07-31,92.01000213623047,92.01000213623047,93.33999633789062,91.69499969482422,92.44999694824219,113000
2024-08-01,89.58000183105469,89.58000183105469,92.9000015258789,88.55999755859375,92.01000213623047,123700
2024-08-02,90.0,90.0,90.66500091552734,86.0,86.62000274658203,205000
2024-08-05,88.25,88.25,88.5,82.54499816894531,85.91000366210938,218900
2024-08-06,92.98999786376953,92.98999786376953,96.44000244140625,90.55999755859375,94.0,282800
2024-08-07,94.94000244140625,94.94000244140625,95.33000183105469,92.53800201416016,94.01000213623047,166400
2024-08-08,93.37000274658203,93.37000274658203,95.66000366210938,92.83000183105469,94.88999938964844,98500
2024-08-09,89.91000366210938,89.91000366210938,91.875,86.61499786376953,91.7699966430664,1091400
2024-08-12,87.9000015258789,87.9000015258789,91.0,87.8499984741211,90.94999694824219,311400
2024-08-13,89.30999755859375,89.30999755859375,89.86000061035156,87.69499969482422,89.86000061035156,309000
2024-08-14,90.36000061035156,90.36000061035156,91.97000122070312,89.55999755859375,90.0,346200
2024-08-15,94.91000366210938,94.91000366210938,95.7300033569336,90.7750015258789,91.0,462100
2024-08-16,94.66000366210938,94.66000366210938,96.12000274658203,94.11000061035156,94.91000366210938,213100
2024-08-19,94.48999786376953,94.48999786376953,95.48999786376953,93.31999969482422,95.05999755859375,154400
2024-08-20,93.94000244140625,93.94000244140625,94.91999816894531,93.69999694824219,94.5999984741211,98400
2024-08-21,94.31999969482422,94.31999969482422,94.62000274658203,93.1709976196289,94.30000305175781,104900
2024-08-22,97.38999938964844,97.38999938964844,97.4000015258789,93.5999984741211,94.06999969482422,172800
2024-08-23,99.04000091552734,99.04000091552734,99.2300033569336,96.31999969482422,97.68000030517578,146200
2024-08-26,97.44999694824219,97.44999694824219,99.61000061035156,97.13500213623047,99.55999755859375,104200
2024-08-27,97.66999816894531,97.66999816894531,98.89800262451172,97.18000030517578,97.55000305175781,95600
2024-08-28,97.33000183105469,97.33000183105469,98.13999938964844,96.48999786376953,97.66999816894531,95200
2024-08-29,98.80000305175781,98.80000305175781,99.25,96.62999725341797,97.93000030517578,119600
2024-08-30,99.22000122070312,99.22000122070312,99.73999786376953,98.22000122070312,99.4000015258789,169500
2024-09-03,98.0999984741211,98.0999984741211,100.29000091552734,97.13999938964844,98.73999786376953,137700
2024-09-04,97.87999725341797,97.87999725341797,98.8550033569336,96.14399719238281,98.08999633789062,91600
2024-09-05,96.08000183105469,96.08000183105469,98.47000122070312,94.30000305175781,98.37000274658203,121200
2024-09-06,94.51000213623047,94.51000213623047,95.9800033569336,93.25800323486328,95.6500015258789,123900
2024-09-09,95.69999694824219,95.69999694824219,96.19999694824219,92.61000061035156,94.41999816894531,302600
2024-09-10,92.87999725341797,92.87999725341797,96.11000061035156,91.8499984741211,95.44000244140625,144100
2024-09-11,92.55999755859375,92.55999755859375,93.43000030517578,91.13800048828125,92.87999725341797,128100
2024-09-12,92.86000061035156,92.86000061035156,94.05000305175781,92.33000183105469,93.08999633789062,55600
2024-09-13,94.83000183105469,94.83000183105469,95.4000015258789,93.43499755859375,93.44999694824219,102600
2024-09-16,95.77999877929688,95.77999877929688,97.7300033569336,95.44000244140625,95.44000244140625,97300
2024-09-17,97.7699966430664,97.7699966430664,99.31999969482422,95.88999938964844,96.51000213623047,241300
2024-09-18,96.88999938964844,96.88999938964844,98.25,96.16999816894531,97.37000274658203,90900
2024-09-19,96.73999786376953,96.73999786376953,98.25,95.4800033569336,98.25,105900
2024-09-20,95.01000213623047,95.01000213623047,96.73999786376953,94.33999633789062,96.73999786376953,507600
2024-09-23,95.7300033569336,95.7300033569336,95.95999908447266,95.13999938964844,95.55000305175781,195700
2024-09-24,96.19000244140625,96.19000244140625,96.19999694824219,94.94000244140625,95.7300033569336,169700
2024-09-25,97.4800033569336,97.4800033569336,98.0999984741211,95.62000274658203,96.68000030517578,194300
2024-09-26,95.2699966430664,95.2699966430664,99.9000015258789,95.11000061035156,98.0999984741211,170400
2024-09-27,94.81999969482422,94.81999969482422,96.63999938964844,94.79000091552734,95.58999633789062,125500
2024-09-30,94.66999816894531,94.66999816894531,95.86000061035156,93.7300033569336,94.73999786376953,125800
2024-10-01,93.8499984741211,93.8499984741211,95.47000122070312,92.86000061035156,94.4000015258789,159400
2024-10-02,95.08999633789062,95.08999633789062,95.71499633789062,93.18000030517578,93.54000091552734,128100
2024-10-03,97.27999877929688,97.27999877929688,97.54000091552734,94.8499984741211,95.43000030517578,199900
2024-10-04,102.87999725341797,102.87999725341797,103.4000015258789,98.27400207519531,98.41000366210938,199000
2024-10-07,95.48999786376953,95.48999786376953,102.61000061035156,93.34500122070312,102.61000061035156,271700
2024-10-08,96.51000213623047,96.51000213623047,97.91999816894531,96.14299774169922,96.16000366210938,135800
2024-10-09,95.55000305175781,95.55000305175781,97.19000244140625,94.25,96.55999755859375,189100
2024-10-10,92.38999938964844,92.38999938964844,95.8499984741211,92.29000091552734,94.58999633789062,153500
2024-10-11,96.16999816894531,96.16999816894531,96.5199966430664,92.1500015258789,92.4800033569336,136500
2024-10-14,97.79000091552734,97.79000091552734,98.12000274658203,96.06999969482422,96.5,75000
2024-10-15,98.18000030517578,98.18000030517578,99.45500183105469,97.05999755859375,97.6500015258789,102900
2024-10-16,98.0199966430664,98.0199966430664,99.56999969482422,97.54000091552734,98.20999908447266,128400
2024-10-17,97.4000015258789,97.4000015258789,98.70500183105469,97.26000213623047,98.2699966430664,106600
2024-10-18,97.08999633789062,97.08999633789062,97.93000030517578,96.57499694824219,97.93000030517578,74300
2024-10-21,96.43000030517578,96.43000030517578,97.62000274658203,95.68000030517578,97.13999938964844,74500
2024-10-22,95.33999633789062,95.33999633789062,95.43000030517578,93.6500015258789,95.19999694824219,57300
2024-10-23,94.19000244140625,94.19000244140625,94.94000244140625,93.33000183105469,94.94000244140625,80200
2024-10-24,94.56999969482422,94.56999969482422,95.29000091552734,94.2699966430664,94.66999816894531,122300
2024-10-25,91.72000122070312,91.72000122070312,95.48999786376953,91.08000183105469,94.38999938964844,177000
2024-10-28,90.97000122070312,90.97000122070312,92.86000061035156,90.94000244140625,92.30999755859375,156200
2024-10-29,93.30000305175781,93.30000305175781,93.38999938964844,89.9020004272461,90.12000274658203,108500
2024-10-30,92.91999816894531,92.91999816894531,95.41999816894531,92.7300033569336,93.05999755859375,76600
2024-10-31,89.7699966430664,89.7699966430664,92.5,89.63999938964844,92.41999816894531,111900
2024-11-01,88.37999725341797,88.37999725341797,90.25499725341797,87.33999633789062,89.68000030517578,154800
2024-11-04,88.47000122070312,88.47000122070312,89.38999938964844,87.61000061035156,87.61000061035156,128700
2024-11-05,90.30000305175781,90.30000305175781,92.5,85.0,85.0,239300
2024-11-06,96.19999694824219,96.19999694824219,98.73999786376953,95.55000305175781,97.16000366210938,327800
2024-11-07,95.7699966430664,95.7699966430664,96.6500015258789,94.44999694824219,96.2699966430664,114000
2024-11-08,100.0999984741211,100.0999984741211,100.44000244140625,95.23999786376953,95.93000030517578,295600
2024-11-11,101.58000183105469,101.58000183105469,107.0,101.32099914550781,102.5199966430664,276400
2024-11-12,100.69000244140625,100.69000244140625,102.29499816894531,99.1500015258789,101.19000244140625,158400
2024-11-13,101.0,101.0,101.80000305175781,100.13999938964844,101.33000183105469,92700
2024-11-14,104.33000183105469,104.33000183105469,104.5199966430664,101.3499984741211,101.3499984741211,140700
2024-11-15,103.69000244140625,103.69000244140625,105.20999908447266,101.08999633789062,104.93000030517578,223700
2024-11-18,108.4800033569336,108.4800033569336,109.44000244140625,103.0,103.44000244140625,256300
2024-11-19,107.16000366210938,107.16000366210938,109.16000366210938,105.37999725341797,107.27999877929688,97800
2024-11-20,108.38999938964844,108.38999938964844,108.45999908447266,105.66000366210938,107.18000030517578,163800
2024-11-21,108.66999816894531,108.66999816894531,109.86000061035156,107.54000091552734,108.69999694824219,118900
2024-11-22,108.31999969482422,108.31999969482422,110.9800033569336,107.77999877929688,109.0,139900
2024-11-25,109.02999877929688,109.02999877929688,110.4749984741211,107.83999633789062,109.0,237800
2024-11-26,108.80000305175781,108.80000305175781,109.43000030517578,107.63999938964844,108.58000183105469,243400
2024-11-27,108.44000244140625,108.44000244140625,111.2699966430664,108.37999725341797,109.55000305175781,125100
2024-11-29,108.30000305175781,108.30000305175781,110.43000030517578,108.15499877929688,109.62999725341797,85700
2024-12-02,109.02999877929688,109.02999877929688,109.6449966430664,105.8499984741211,108.45999908447266,104000
2024-12-03,108.12999725341797,108.12999725341797,109.77999877929688,107.20999908447266,108.37999725341797,83400
2024-12-04,111.01000213623047,111.01000213623047,112.0999984741211,107.8499984741211,108.12000274658203,112600
2024-12-05,108.41999816894531,108.41999816894531,111.56500244140625,105.80000305175781,110.58000183105469,185900
2024-12-06,110.44999694824219,110.44999694824219,111.36000061035156,108.13500213623047,109.7300033569336,165500
2024-12-09,107.37999725341797,107.37999725341797,110.45999908447266,106.26000213623047,110.45999908447266,122500
2024-12-10,105.68000030517578,105.68000030517578,108.38500213623047,103.13999938964844,107.5999984741211,184200
2024-12-11,108.44999694824219,108.44999694824219,109.36499786376953,105.23999786376953,106.0,210400
2024-12-12,109.56999969482422,109.56999969482422,109.9000015258789,108.41000366210938,108.87999725341797,98500
2024-12-13,109.66999816894531,109.66999816894531,111.5199966430664,109.23999786376953,109.7699966430664,131900
2024-12-16,112.16999816894531,112.16999816894531,112.5,109.55000305175781,110.3499984741211,137900
2024-12-17,111.1500015258789,111.1500015258789,112.9000015258789,110.02999877929688,111.43000030517578,201500
2024-12-18,104.73999786376953,104.73999786376953,111.12999725341797,104.05999755859375,110.8499984741211,220700
2024-12-19,103.80999755859375,103.80999755859375,108.18000030517578,103.79000091552734,105.26000213623047,218200
2024-12-20,104.93000030517578,104.93000030517578,105.6500015258789,100.30999755859375,102.05000305175781,433300
2024-12-23,102.56999969482422,102.56999969482422,104.52999877929688,102.16500091552734,104.52999877929688,90400
2024-12-24,105.01000213623047,105.01000213623047,105.41000366210938,102.51000213623047,102.51000213623047,71500
2024-12-26,105.18000030517578,105.18000030517578,105.58999633789062,102.93499755859375,103.93000030517578,83900
2024-12-27,104.38999938964844,104.38999938964844,106.33000183105469,103.30999755859375,105.0999984741211,96000
2024-12-30,104.44999694824219,104.44999694824219,105.20899963378906,102.4000015258789,102.83999633789062,100800
2024-12-31,105.58999633789062,105.58999633789062,106.70999908447266,104.54000091552734,105.19999694824219,125900
2025-01-02,104.37999725341797,104.37999725341797,107.44999694824219,103.0,105.86000061035156,110400
2025-01-03,104.80999755859375,104.80999755859375,105.91000366210938,104.38500213623047,105.70999908447266,74800
2025-01-06,106.48999786376953,106.48999786376953,108.5199966430664,105.1500015258789,105.88999938964844,169800
2025-01-07,105.47000122070312,105.47000122070312,107.5,104.30999755859375,106.48999786376953,174600
2025-01-08,105.87000274658203,105.87000274658203,107.0999984741211,104.0,104.9000015258789,133000
2025-01-10,101.51000213623047,101.51000213623047,103.58999633789062,98.41999816894531,103.55999755859375,158300
2025-01-13,101.8499984741211,101.8499984741211,102.0999984741211,99.55999755859375,99.55999755859375,105800
2025-01-14,105.5199966430664,105.5199966430664,105.5250015258789,100.95999908447266,102.12000274658203,104300
2025-01-15,107.11000061035156,107.11000061035156,108.48999786376953,105.99500274658203,108.48999786376953,127200
2025-01-16,108.37000274658203,108.37000274658203,109.98500061035156,107.13999938964844,107.6500015258789,159200
2025-01-17,110.37000274658203,110.37000274658203,110.77999877929688,108.58999633789062,109.2699966430664,106400
2025-01-21,109.5999984741211,109.5999984741211,111.81999969482422,108.51000213623047,110.62999725341797,139800
2025-01-22,107.83999633789062,107.83999633789062,109.9000015258789,107.53500366210938,109.6500015258789,96500
2025-01-23,102.70999908447266,102.70999908447266,107.62999725341797,102.43000030517578,106.76000213623047,209000
2025-01-24,103.48999786376953,103.48999786376953,104.0250015258789,101.63999938964844,102.81999969482422,230900
2025-01-27,106.23999786376953,106.23999786376953,107.6449966430664,101.69000244140625,101.69000244140625,167700
2025-01-28,109.29000091552734,109.29000091552734,109.5,106.80999755859375,106.80999755859375,83000
2025-01-29,108.62999725341797,108.62999725341797,110.2249984741211,107.98500061035156,108.12999725341797,96300
2025-01-30,107.44000244140625,107.44000244140625,109.91000366210938,106.65499877929688,108.33999633789062,92900
2025-01-31,107.87000274658203,107.87000274658203,108.08999633789062,105.87999725341797,106.0,129000
2025-02-03,107.02999877929688,107.02999877929688,107.53099822998047,104.47000122070312,104.47000122070312,120600
2025-02-04,106.73999786376953,106.73999786376953,108.44000244140625,106.13999938964844,106.8499984741211,106500
2025-02-05,109.37000274658203,109.37000274658203,109.45999908447266,107.01000213623047,107.6500015258789,98200
2025-02-06,110.7300033569336,110.7300033569336,110.98500061035156,108.58000183105469,110.69000244140625,105100
2025-02-07,109.91999816894531,109.91999816894531,111.48999786376953,109.33999633789062,110.58999633789062,127200
2025-02-10,109.62000274658203,109.62000274658203,112.33000183105469,109.33000183105469,110.94000244140625,259400
2025-02-11,110.31999969482422,110.31999969482422,111.62000274658203,108.70999908447266,109.55999755859375,236400
2025-02-12,108.98999786376953,108.98999786376953,110.625,107.94000244140625,108.62000274658203,215500
2025-02-13,125.04000091552734,125.04000091552734,128.3800048828125,114.55000305175781,114.55000305175781,632300
2025-02-14,126.91999816894531,126.91999816894531,126.98999786376953,122.19000244140625,125.0,292100
2025-02-18,124.12999725341797,124.12999725341797,128.02000427246094,122.0,128.02000427246094,319700
2025-02-19,122.86000061035156,122.86000061035156,123.87100219726562,122.2699966430664,123.26000213623047,211200
2025-02-20,120.76000213623047,120.76000213623047,123.86000061035156,119.05999755859375,123.36000061035156,300100
2025-02-21,119.06999969482422,119.06999969482422,122.4010009765625,117.51300048828125,122.12999725341797,179600
2025-02-24,124.5999984741211,124.5999984741211,125.59500122070312,119.70999908447266,120.26000213623047,249000
2025-02-25,121.61000061035156,121.61000061035156,125.37000274658203,121.08499908447266,125.37000274658203,191300
2025-02-26,122.0,122.0,125.30000305175781,121.78299713134766,122.08999633789062,180000
2025-02-27,122.58999633789062,122.58999633789062,124.4800033569336,121.08599853515625,122.30000305175781,202100
2025-02-28,128.66000366210938,128.66000366210938,128.85000610351562,120.94000244140625,122.58999633789062,372800
2025-03-03,128.1999969482422,128.1999969482422,130.60000610351562,126.66999816894531,129.2100067138672,238300
2025-03-04,127.18000030517578,127.18000030517578,129.49000549316406,122.91899871826172,127.08000183105469,234000
2025-03-05,128.88999938964844,128.88999938964844,136.89999389648438,127.88999938964844,136.74000549316406,325100
2025-03-06,125.33999633789062,125.33999633789062,128.91000366210938,124.36000061035156,126.05999755859375,173200
2025-03-07,127.55999755859375,127.55999755859375,128.52000427246094,120.25,125.79000091552734,249700
2025-03-10,126.08999633789062,126.08999633789062,126.83999633789062,123.86000061035156,125.43000030517578,252400
2025-03-11,131.2100067138672,131.2100067138672,132.15499877929688,125.58999633789062,125.9800033569336,281400
2025-03-12,130.44000244140625,130.44000244140625,133.6199951171875,129.8820037841797,131.4199981689453,354800
2025-03-13,127.38999938964844,127.38999938964844,131.66000366210938,127.06999969482422,129.8699951171875,211700
2025-03-14,131.77000427246094,131.77000427246094,131.77999877929688,127.76399993896484,128.1699981689453,237100
2025-03-17,134.08999633789062,134.08999633789062,135.14999389648438,130.302001953125,130.52000427246094,147100
2025-03-18,130.1699981689453,130.1699981689453,133.92999267578125,129.99000549316406,133.14999389648438,287000
2025-03-19,129.4199981689453,129.4199981689453,131.63999938964844,128.73800659179688,130.27000427246094,181400
2025-03-20,130.72000122070312,130.72000122070312,132.1699981689453,128.49000549316406,129.4199981689453,174200
2025-03-21,129.32000732421875,129.32000732421875,131.22999572753906,128.91000366210938,131.1199951171875,396900
2025-03-24,134.99000549316406,134.99000549316406,135.07000732421875,130.0,131.0,277200
2025-03-25,135.13999938964844,135.13999938964844,136.7899932861328,133.72999572753906,135.1699981689453,170100
2025-03-26,134.39999389648438,134.39999389648438,137.88900756835938,134.08099365234375,135.66000366210938,120100
2025-03-27,136.60000610351562,136.60000610351562,136.64999389648438,132.57000732421875,134.35000610351562,135300
2025-03-28,136.77000427246094,136.77000427246094,138.69000244140625,133.3209991455078,136.60000610351562,191200
2025-03-31,137.0800018310547,137.0800018310547,139.2100067138672,134.13900756835938,135.52999877929688,328700
2025-04-01,138.5399932861328,138.5399932861328,138.8699951171875,133.60000610351562,137.0800018310547,181400
2025-04-02,141.72000122070312,141.72000122070312,142.17999267578125,135.97000122070312,135.97000122070312,269100
2025-04-03,143.10000610351562,143.10000610351562,143.77000427246094,132.63999938964844,135.0,397600
2025-04-04,133.27999877929688,133.27999877929688,141.3000030517578,132.0,137.0500030517578,620800
2025-04-07,129.99000549316406,129.99000549316406,133.07000732421875,122.22000122070312,127.5,595500
2025-04-08,131.05999755859375,131.05999755859375,139.9199981689453,129.80499267578125,135.89999389648438,594100
2025-04-09,143.1300048828125,143.1300048828125,144.4600067138672,129.10000610351562,129.10000610351562,492800
2025-04-10,142.99000549316406,142.99000549316406,145.80999755859375,139.53399658203125,141.77999877929688,389000
2025-04-11,147.8800048828125,147.8800048828125,148.5399932861328,141.0,145.13999938964844,249100
2025-04-14,150.5399932861328,150.5399932861328,152.41600036621094,145.8800048828125,150.24000549316406,419900
2025-04-15,154.33999633789062,154.33999633789062,155.8699951171875,151.0,151.6999969482422,372500
2025-04-16,150.44000244140625,150.44000244140625,153.75999450683594,148.0800018310547,153.0399932861328,250600
2025-04-17,149.7899932861328,149.7899932861328,151.8489990234375,148.77999877929688,150.39999389648438,178200
2025-04-21,144.16000366210938,144.16000366210938,149.7899932861328,142.49000549316406,149.44000244140625,208900
2025-04-22,147.9600067138672,147.9600067138672,149.6699981689453,144.27999877929688,147.27000427246094,440000
2025-04-23,152.0,152.0,152.13600158691406,147.24000549316406,150.0500030517578,315800
2025-04-24,153.14999389648438,153.14999389648438,153.67999267578125,149.14500427246094,151.1300048828125,253700
2025-04-25,147.47999572753906,147.47999572753906,151.86000061035156,142.25,151.86000061035156,389600
2025-04-28,149.33999633789062,149.33999633789062,150.42999267578125,147.47000122070312,147.75,254300
2025-04-29,147.91000366210938,147.91000366210938,149.91799926757812,147.75999450683594,148.6300048828125,297300
2025-04-30,145.02000427246094,145.02000427246094,146.64999389648438,142.2449951171875,145.4600067138672,314300
2025-05-01,144.05999755859375,144.05999755859375,146.99000549316406,142.52000427246094,145.00999450683594,452300
2025-05-02,151.80999755859375,151.80999755859375,152.77499389648438,144.05999755859375,146.17999267578125,479600
2025-05-05,155.69000244140625,155.69000244140625,156.02999877929688,150.39999389648438,151.6300048828125,409800
2025-05-06,156.3300018310547,156.3300018310547,157.5399932861328,149.22000122070312,152.38999938964844,459300
2025-05-07,156.82000732421875,156.82000732421875,163.77499389648438,154.97999572753906,156.5,613300
2025-05-08,160.00999450683594,160.00999450683594,163.30999755859375,155.00999450683594,157.02000427246094,379000
2025-05-09,159.92999267578125,159.92999267578125,163.33799743652344,159.17100524902344,162.0,223600
2025-05-12,155.3000030517578,155.3000030517578,165.0,151.0,164.5500030517578,342800
2025-05-13,155.67999267578125,155.67999267578125,157.1999969482422,153.59800720214844,156.32000732421875,217900
2025-05-14,156.1199951171875,156.1199951171875,157.02000427246094,152.3249969482422,155.67999267578125,313000
2025-05-15,156.88999938964844,156.88999938964844,158.0500030517578,154.55999755859375,156.1199951171875,267800
2025-05-16,159.22000122070312,159.22000122070312,159.88999938964844,155.72900390625,156.82000732421875,174900
2025-05-19,161.1699981689453,161.1699981689453,161.5449981689453,156.8679962158203,159.02999877929688,182700
2025-05-20,159.08999633789062,159.08999633789062,162.5500030517578,157.30999755859375,161.0,157700
2025-05-21,161.5399932861328,161.5399932861328,164.63099670410156,159.08999633789062,159.39999389648438,524000
2025-05-22,160.82000732421875,160.82000732421875,161.55999755859375,157.3489990234375,160.72999572753906,387500
2025-05-23,162.55999755859375,162.55999755859375,164.14500427246094,159.7899932861328,159.8699951171875,211200
2025-05-27,163.89999389648438,163.89999389648438,164.8000030517578,160.8699951171875,164.8000030517578,183300
2025-05-28,162.4499969482422,162.4499969482422,163.5399932861328,161.10299682617188,163.0800018310547,151800
2025-05-29,163.92999267578125,163.92999267578125,164.64999389648438,161.3800048828125,162.3800048828125,176000
2025-05-30,171.47000122070312,171.47000122070312,172.3719940185547,165.13999938964844,166.82000732421875,520400
2025-06-02,175.6699981689453,175.6699981689453,175.77999877929688,170.25999450683594,171.47000122070312,335500
2025-06-03,175.10000610351562,175.10000610351562,175.85000610351562,170.4499969482422,175.64999389648438,264400
2025-06-04,171.7899932861328,171.7899932861328,174.3300018310547,171.50399780273438,174.19000244140625,202400
2025-06-05,168.3699951171875,168.3699951171875,172.1199951171875,168.11000061035156,171.1199951171875,220800
2025-06-06,166.0,166.0,170.71499633789062,165.5800018310547,170.71499633789062,388800
2025-06-09,162.27000427246094,162.27000427246094,167.1999969482422,153.4250030517578,167.1999969482422,542000
2025-06-10,156.8699951171875,156.8699951171875,161.25,155.09500122070312,161.07000732421875,355100
2025-06-11,157.97000122070312,157.97000122070312,158.93600463867188,155.46299743652344,157.07000732421875,275800
2025-06-12,161.07000732421875,161.07000732421875,161.10499572753906,157.64999389648438,157.64999389648438,176500
2025-06-13,160.92999267578125,160.92999267578125,162.60000610351562,159.8699951171875,160.8800048828125,182900
2025-06-16,162.3000030517578,162.3000030517578,165.10000610351562,161.92999267578125,161.92999267578125,206600
2025-06-17,159.39999389648438,159.39999389648438,162.0,157.72999572753906,160.9199981689453,155900
2025-06-18,155.16000366210938,155.16000366210938,160.9499969482422,154.8800048828125,158.69000244140625,300200
2025-06-20,155.6699981689453,155.6699981689453,157.16000366210938,154.6750030517578,155.94000244140625,410000
2025-06-23,160.05999755859375,160.05999755859375,160.05999755859375,155.4550018310547,158.6199951171875,188400
2025-06-24,160.02000427246094,160.02000427246094,162.64700317382812,158.97999572753906,161.16000366210938,176500
2025-06-25,151.25999450683594,151.25999450683594,161.35499572753906,150.4499969482422,160.74000549316406,395300
2025-06-26,153.6699981689453,153.6699981689453,153.9199981689453,147.82000732421875,150.75999450683594,424000
2025-06-27,153.3800048828125,153.3800048828125,154.4600067138672,150.94000244140625,152.69000244140625,434600
2025-06-30,154.25,154.25,155.27999877929688,152.13499450683594,153.64999389648438,252600
2025-07-01,148.7899932861328,148.7899932861328,156.5500030517578,148.57000732421875,154.25999450683594,329200
2025-07-02,143.64999389648438,143.64999389648438,150.1999969482422,141.22000122070312,148.08999633789062,504000
2025-07-03,147.6199951171875,147.6199951171875,148.05499267578125,142.1959991455078,142.9499969482422,247200
2025-07-07,145.32000732421875,145.32000732421875,148.52999877929688,144.39999389648438,147.72999572753906,227100
2025-07-08,142.5800018310547,142.5800018310547,145.57000732421875,141.8000030517578,144.52000427246094,351900
2025-07-09,144.4499969482422,144.4499969482422,144.8350067138672,140.0,142.1199951171875,494800
2025-07-10,138.60000610351562,138.60000610351562,143.5800018310547,136.69000244140625,143.5800018310547,275200
2025-07-11,135.00999450683594,135.00999450683594,139.9499969482422,134.76499938964844,138.85000610351562,274500
2025-07-14,141.1699981689453,141.1699981689453,143.30499267578125,134.39999389648438,136.22000122070312,487100
2025-07-15,141.8800048828125,141.8800048828125,142.30999755859375,139.27000427246094,140.2899932861328,382800
2025-07-16,144.07000732421875,144.07000732421875,147.39999389648438,141.41000366210938,143.10000610351562,337600
2025-07-17,140.41000366210938,140.41000366210938,144.5,139.89999389648438,143.57000732421875,255100
2025-07-18,139.55999755859375,139.55999755859375,141.80999755859375,139.2949981689453,140.8300018310547,251100
2025-07-21,139.86000061035156,139.86000061035156,142.5850067138672,136.406005859375,138.3300018310547,320200
2025-07-22,137.8000030517578,137.8000030517578,140.90499877929688,136.60000610351562,138.92999267578125,295900
2025-07-23,136.92999267578125,136.92999267578125,139.99000549316406,132.64999389648438,137.77999877929688,389000
2025-07-24,131.77000427246094,131.77000427246094,137.07000732421875,131.5800018310547,136.60000610351562,383300
2025-07-25,132.52000427246094,132.52000427246094,135.75999450683594,131.82000732421875,133.55999755859375,322900
2025-07-28,130.30999755859375,130.30999755859375,132.94500732421875,130.1199951171875,132.5500030517578,314700
2025-07-29,129.99000549316406,129.99000549316406,132.73500061035156,129.1999969482422,132.22000122070312,255400
2025-07-30,130.52000427246094,130.52000427246094,132.17999267578125,130.0,130.0,230100
2025-07-31,132.49000549316406,132.49000549316406,134.57000732421875,130.60000610351562,130.60000610351562,298100
2025-08-01,129.6199951171875,129.6199951171875,132.19000244140625,128.0,132.19000244140625,398700
2025-08-04,131.52999877929688,131.52999877929688,131.91000366210938,128.35499572753906,130.10000610351562,391200
2025-08-05,112.26000213623047,112.26000213623047,128.35000610351562,111.9000015258789,128.05999755859375,976900
2025-08-06,116.63999938964844,116.63999938964844,117.22000122070312,109.44999694824219,112.51000213623047,2020200
2025-08-07,122.88999938964844,122.88999938964844,123.11000061035156,116.29000091552734,116.29000091552734,623800
2025-08-08,120.37999725341797,120.37999725341797,124.0,120.05000305175781,122.19000244140625,396500
2025-08-11,121.63999938964844,121.63999938964844,123.31999969482422,120.0,120.16000366210938,326300
2025-08-12,123.05000305175781,123.05000305175781,123.2300033569336,119.86000061035156,122.6500015258789,295700
2025-08-13,123.06999969482422,123.06999969482422,124.86000061035156,122.0,124.12000274658203,473200
2025-08-14,120.5999984741211,120.5999984741211,123.86499786376953,119.95999908447266,123.11000061035156,365600
2025-08-15,120.26000213623047,120.26000213623047,123.19200134277344,119.7699966430664,121.18000030517578,309000
2025-08-18,120.52999877929688,120.52999877929688,121.91999816894531,119.25,119.63999938964844,196000
2025-08-19,120.86000061035156,120.86000061035156,121.37000274658203,120.05999755859375,120.12999725341797,163300
2025-08-20,125.06999969482422,125.06999969482422,125.26000213623047,121.58999633789062,121.58999633789062,233800
2025-08-21,126.87000274658203,126.87000274658203,127.5,124.5,125.0,397800
2025-08-22,125.05000305175781,125.05000305175781,128.60000610351562,124.33999633789062,126.94000244140625,361000
2025-08-25,122.22000122070312,122.22000122070312,125.3499984741211,121.48999786376953,124.58999633789062,287400
2025-08-26,121.93000030517578,121.93000030517578,122.48999786376953,120.52999877929688,121.9800033569336,384900
2025-08-27,123.83999633789062,123.83999633789062,125.83699798583984,121.0,121.68000030517578,220600
2025-08-28,124.11499786376953,124.11499786376953,126.08000183105469,122.9800033569336,123.91000366210938,223500
2025-08-29,123.0199966430664,123.0199966430664,126.56999969482422,122.79000091552734,125.06999969482422,173700
2025-09-02,122.2699966430664,122.2699966430664,122.5,120.24800109863281,121.87999725341797,177000
2025-09-03,123.1500015258789,123.1500015258789,124.45999908447266,121.91000366210938,122.0999984741211,276300
2025-09-04,126.23999786376953,126.23999786376953,126.5,123.38999938964844,124.0999984741211,227900
2025-09-05,123.20500183105469,123.20500183105469,127.51000213623047,122.29000091552734,126.0,180300
2025-09-08,123.79000091552734,123.79000091552734,123.927001953125,120.75,123.30000305175781,190400
2025-09-09,121.02999877929688,121.02999877929688,124.3949966430664,121.01000213623047,123.88999938964844,185500
2025-09-10,118.69999694824219,118.69999694824219,121.58999633789062,118.11000061035156,120.66999816894531,480200
2025-09-11,118.9000015258789,118.9000015258789,119.94599914550781,115.12000274658203,119.37000274658203,563600
2025-09-12,116.83999633789062,116.83999633789062,119.2300033569336,116.76000213623047,118.9800033569336,303300
2025-09-15,115.79000091552734,115.79000091552734,118.70500183105469,115.625,116.2300033569336,327700
2025-09-16,114.54000091552734,114.54000091552734,117.5199966430664,114.44999694824219,115.19999694824219,325400
2025-09-17,115.05000305175781,115.05000305175781,116.2699966430664,114.33999633789062,115.02999877929688,379600
2025-09-18,117.7699966430664,117.7699966430664,118.41999816894531,114.43000030517578,115.06999969482422,545000
2025-09-19,115.83999633789062,115.83999633789062,118.82499694824219,115.0999984741211,118.23999786376953,437600
2025-09-22,116.54000091552734,116.54000091552734,116.83999633789062,114.5999984741211,115.83999633789062,218600
2025-09-23,116.1500015258789,116.1500015258789,116.7699966430664,114.5999984741211,116.37999725341797,252400
2025-09-24,117.02999877929688,117.02999877929688,117.69000244140625,115.6500015258789,115.6500015258789,202400
2025-09-25,114.4000015258789,114.4000015258789,117.05999755859375,112.96800231933594,116.83000183105469,254300
2025-09-26,115.2300033569336,115.2300033569336,115.74500274658203,114.05000305175781,114.95999908447266,181000
2025-09-29,114.48999786376953,114.48999786376953,115.81999969482422,113.31999969482422,115.16999816894531,266200
2025-09-30,116.75,116.75,116.91000366210938,113.74099731445312,115.20999908447266,254900
2025-10-01,109.9000015258789,109.9000015258789,116.54000091552734,109.052001953125,116.12999725341797,624700
2025-10-02,112.33000183105469,112.33000183105469,112.61499786376953,107.75,109.83000183105469,400400
2025-10-03,116.56999969482422,116.56999969482422,116.83499908447266,112.66000366210938,112.77999877929688,370500
2025-10-06,112.9000015258789,112.9000015258789,118.6500015258789,112.71499633789062,118.6500015258789,313300
2025-10-07,115.44000244140625,115.44000244140625,115.47000122070312,112.73999786376953,112.73999786376953,312000
2025-10-08,118.94000244140625,118.94000244140625,120.66999816894531,112.98999786376953,116.02999877929688,369200
2025-10-09,119.73999786376953,119.73999786376953,120.01000213623047,117.26000213623047,119.25,257500
2025-10-10,118.06999969482422,118.06999969482422,121.75,117.45500183105469,120.30000305175781,402000
2025-10-13,118.13999938964844,118.13999938964844,119.4800033569336,115.12000274658203,118.0,208200
2025-10-14,119.4800033569336,119.4800033569336,119.93800354003906,117.23999786376953,117.6500015258789,170000
2025-10-15,117.6500015258789,117.6500015258789,120.3499984741211,116.33999633789062,118.97000122070312,238800
2025-10-16,112.5999984741211,112.5999984741211,117.2249984741211,110.63999938964844,116.66000366210938,372700
2025-10-17,114.47000122070312,114.47000122070312,114.62999725341797,112.08000183105469,112.68000030517578,154700
2025-10-20,115.12999725341797,115.12999725341797,117.20500183105469,113.81999969482422,115.81999969482422,166900
2025-10-21,115.33999633789062,115.33999633789062,116.26000213623047,114.0,115.30999755859375,144600
2025-10-22,113.08000183105469,113.08000183105469,116.55000305175781,112.36499786376953,115.7300033569336,304300
2025-10-23,113.68000030517578,113.68000030517578,114.6500015258789,111.9000015258789,113.08000183105469,165300
2025-10-24,113.25,113.25,115.90499877929688,111.9000015258789,114.58000183105469,190300
2025-10-27,113.83999633789062,113.83999633789062,115.4000015258789,113.70999908447266,115.01000213623047,128300
2025-10-28,112.76000213623047,112.76000213623047,114.95999908447266,110.9800033569336,114.04499816894531,221600
2025-10-29,112.48999786376953,112.48999786376953,112.94999694824219,111.5,112.0,237000
2025-10-30,112.5,112.5,115.12000274658203,112.0199966430664,113.30000305175781,179200
2025-10-31,114.01000213623047,114.01000213623047,114.5,111.94999694824219,112.62000274658203,313400
2025-11-03,113.72000122070312,113.72000122070312,114.33000183105469,111.84500122070312,113.12000274658203,324300
2025-11-04,115.52999877929688,115.52999877929688,116.12000274658203,113.31500244140625,113.61000061035156,196300
2025-11-05,116.70999908447266,116.70999908447266,117.48999786376953,115.55999755859375,115.58000183105469,167300
2025-11-06,117.79000091552734,117.79000091552734,118.5,115.23999786376953,116.0,391300
2025-11-07,128.05999755859375,128.05999755859375,130.47000122070312,118.56999969482422,121.19000244140625,699900
2025-11-10,129.50999450683594,129.50999450683594,131.06500244140625,126.18000030517578,128.0,402800
2025-11-11,132.0800018310547,132.0800018310547,132.66000366210938,129.57000732421875,130.39999389648438,215700
2025-11-12,132.4499969482422,132.4499969482422,134.5,131.52499389648438,132.0399932861328,325300
2025-11-13,130.05999755859375,130.05999755859375,132.8000030517578,128.75,131.8000030517578,298000
2025-11-14,129.72000122070312,129.72000122070312,130.33999633789062,127.61000061035156,129.75,244300
2025-11-17,128.47999572753906,128.47999572753906,130.5500030517578,127.5999984741211,129.25999450683594,184200
2025-11-18,129.6199951171875,129.6199951171875,130.8000030517578,127.875,128.52000427246094,187200
2025-11-19,125.5,125.5,129.99000549316406,124.72000122070312,128.83999633789062,222600
2025-11-20,121.66000366210938,121.66000366210938,128.02999877929688,121.44999694824219,125.88999938964844,276900
2025-11-21,122.80999755859375,122.80999755859375,124.45999908447266,120.05999755859375,121.5199966430664,246600
2025-11-24,123.41999816894531,123.41999816894531,123.8499984741211,119.0,122.37000274658203,394600
2025-11-25,123.83999633789062,123.83999633789062,126.05999755859375,123.26000213623047,123.41999816894531,215200
2025-11-26,123.94999694824219,123.94999694824219,125.5199966430664,123.2300033569336,124.20999908447266,311600
2025-11-28,124.20999908447266,124.20999908447266,125.25,123.29000091552734,124.61000061035156,96400
2025-12-01,122.41000366210938,122.41000366210938,124.65499877929688,121.55999755859375,123.27999877929688,196900
2025-12-02,122.06999969482422,122.06999969482422,124.22000122070312,121.30000305175781,122.11000061035156,239600
2025-12-03,117.9800033569336,117.9800033569336,122.91699981689453,117.45800018310547,121.83999633789062,192000
2025-12-04,120.0199966430664,120.0199966430664,121.74500274658203,117.01000213623047,117.94000244140625,390500
2025-12-05,116.41999816894531,116.41999816894531,120.0,115.69999694824219,119.83000183105469,230500
2025-12-08,115.43000030517578,115.43000030517578,116.70500183105469,113.0,116.41999816894531,183900
2025-12-09,117.8499984741211,117.8499984741211,120.3479995727539,115.80000305175781,115.80000305175781,262200
2025-12-10,118.66999816894531,118.66999816894531,120.44000244140625,117.0,118.2699966430664,246400
2025-12-11,122.29000091552734,122.29000091552734,123.19999694824219,119.56999969482422,119.56999969482422,217200
2025-12-12,126.58999633789062,126.58999633789062,127.5,122.55000305175781,123.0,323600
2025-12-15,125.5199966430664,125.5199966430664,128.58599853515625,123.8759994506836,127.0,251900
2025-12-16,127.54000091552734,127.54000091552734,128.22000122070312,125.00399780273438,125.77999877929688,261300
2025-12-17,129.52999877929688,129.52999877929688,130.47999572753906,126.20600128173828,127.0999984741211,216700
2025-12-18,133.86500549316406,133.86500549316406,134.5,129.02499389648438,129.24000549316406,310900
2025-12-19,134.9600067138672,134.9600067138672,135.92999267578125,133.2050018310547,133.4600067138672,515100
2025-12-22,136.6699981689453,136.6699981689453,137.99000549316406,134.63099670410156,134.75999450683594,167100
2025-12-23,137.32000732421875,137.32000732421875,139.5,136.7100067138672,136.7100067138672,245500
2025-12-24,136.02000427246094,136.02000427246094,136.9949951171875,135.63999938964844,136.8800048828125,71500
2025-12-26,134.77999877929688,134.77999877929688,136.91799926757812,134.41000366210938,136.6300048828125,100900
2025-12-29,135.3800048828125,135.3800048828125,136.24000549316406,133.81500244140625,134.72999572753906,131200
2025-12-30,134.9199981689453,134.9199981689453,135.4499969482422,134.33999633789062,134.4250030517578,111400
2025-12-31,134.75999450683594,134.75999450683594,136.30999755859375,134.6999969482422,134.9199981689453,145600
2026-01-02,131.82000732421875,131.82000732421875,135.3000030517578,130.3249969482422,134.55999755859375,230200
2026-01-05,136.07000732421875,136.07000732421875,138.0,131.10000610351562,131.10000610351562,270800
2026-01-06,130.6999969482422,130.6999969482422,137.3699951171875,126.69499969482422,136.2899932861328,285800
2026-01-07,129.33999633789062,129.33999633789062,131.52999877929688,127.38999938964844,131.27999877929688,166300
2026-01-08,129.9600067138672,129.9600067138672,132.88499450683594,129.52000427246094,129.52000427246094,171000
2026-01-09,128.69000244140625,128.69000244140625,131.6999969482422,127.66999816894531,129.97000122070312,145000
2026-01-12,130.47500610351562,130.47500610351562,131.0030059814453,127.13999938964844,127.4800033569336,170800
2026-01-13,127.56999969482422,127.56999969482422,130.58999633789062,126.20999908447266,130.58999633789062,133900
2026-01-14,130.30999755859375,130.30999755859375,132.1300048828125,128.0,128.0,168600
2026-01-15,130.41000366210938,130.41000366210938,133.43499755859375,129.75,129.75,198700
2026-01-16,128.4600067138672,128.4600067138672,131.4550018310547,127.56999969482422,130.0,138000
2026-01-20,130.6300048828125,130.6300048828125,131.66000366210938,127.23200225830078,127.56999969482422,167300
2026-01-21,130.0,130.0,130.8699951171875,127.29000091552734,130.13999938964844,158900
2026-01-22,127.83000183105469,127.83000183105469,130.0749969482422,127.20999908447266,129.6300048828125,155300
2026-01-23,124.94999694824219,124.94999694824219,128.46499633789062,123.16999816894531,127.08999633789062,230900
2026-01-26,126.95999908447266,126.95999908447266,130.80999755859375,125.63999938964844,126.11000061035156,188900
2026-01-27,121.87000274658203,121.87000274658203,129.6649932861328,121.11000061035156,126.54000091552734,171900
2026-01-28,119.69999694824219,119.69999694824219,122.83499908447266,119.43000030517578,122.11000061035156,195600
2026-01-29,123.20999908447266,123.20999908447266,123.87000274658203,119.87999725341797,119.87999725341797,218400
2026-01-30,123.58999633789062,123.58999633789062,124.9749984741211,119.72000122070312,122.04000091552734,266000
2026-02-02,124.22000122070312,124.22000122070312,126.05999755859375,121.75,121.75,240800
2026-02-03,121.88999938964844,121.88999938964844,124.81999969482422,118.44000244140625,122.66000366210938,370900
2026-02-04,122.98999786376953,122.98999786376953,124.04000091552734,121.05999755859375,123.13999938964844,251400
2026-02-05,129.14999389648438,129.14999389648438,131.17999267578125,123.87999725341797,124.37999725341797,299900
2026-02-06,127.62000274658203,127.62000274658203,130.1699981689453,124.91999816894531,129.22999572753906,373900
2026-02-09,126.54000091552734,126.54000091552734,129.67999267578125,124.76000213623047,127.51000213623047,406300
2026-02-10,129.25,129.25,130.6699981689453,126.43499755859375,126.51000213623047,272100
2026-02-11,131.63999938964844,131.63999938964844,133.35499572753906,126.19100189208984,129.3300018310547,382300
2026-02-12,127.01000213623047,127.01000213623047,133.86000061035156,117.0,132.3699951171875,855300
2026-02-13,132.10000610351562,132.10000610351562,136.5800018310547,126.91999816894531,127.30000305175781,495400
2026-02-17,129.99000549316406,129.99000549316406,134.94000244140625,129.99000549316406,133.24000549316406,297700
2026-02-18,127.83999633789062,127.83999633789062,130.38999938964844,124.01000213623047,129.13999938964844,579900
2026-02-19,123.41999816894531,123.41999816894531,128.7519989013672,123.06999969482422,128.0399932861328,373400
2026-02-20,120.61000061035156,120.61000061035156,124.5999984741211,120.33000183105469,124.20999908447266,332800
2026-02-23,120.75,120.75,123.86000061035156,120.33000183105469,121.70999908447266,262900
2026-02-24,120.94000244140625,120.94000244140625,121.9800033569336,118.04000091552734,120.94000244140625,403100
2026-02-25,121.68000030517578,121.68000030517578,122.51000213623047,118.45999908447266,122.51000213623047,256100
2026-02-26,121.8499984741211,121.8499984741211,124.70999908447266,120.5199966430664,122.5,317700
2026-02-27,123.70999908447266,123.70999908447266,123.99500274658203,120.44499969482422,122.0199966430664,228100
2026-03-02,126.5999984741211,126.5999984741211,127.38999938964844,121.08999633789062,121.08999633789062,186800
2026-03-03,124.8499984741211,124.8499984741211,126.1500015258789,121.43000030517578,125.95999908447266,128600
2026-03-04,124.41000366210938,124.41000366210938,125.75,122.78700256347656,124.69999694824219,164800
2026-03-05,127.11000061035156,127.11000061035156,127.30999755859375,123.51799774169922,123.7699966430664,239600
2026-03-06,127.31999969482422,127.31999969482422,127.70999908447266,123.8499984741211,126.16000366210938,188000
2026-03-09,122.80999755859375,122.80999755859375,126.4000015258789,120.27999877929688,126.38999938964844,151700
2026-03-10,123.16999816894531,123.16999816894531,124.36000061035156,120.75399780273438,121.97000122070312,178000
2026-03-11,119.91000366210938,119.91000366210938,123.03500366210938,119.8499984741211,121.91999816894531,199400
2026-03-12,119.80000305175781,119.80000305175781,121.74500274658203,117.52999877929688,119.5199966430664,183900
2026-03-13,120.19000244140625,120.19000244140625,121.56999969482422,118.51499938964844,121.27999877929688,153400
2026-03-16,120.25,120.25,122.47000122070312,118.86000061035156,120.43000030517578,233900
2026-03-17,119.05000305175781,119.05000305175781,123.86000061035156,118.48999786376953,120.25,267500
2026-03-18,117.25,117.25,117.98999786376953,114.9000015258789,117.98999786376953,329400
2026-03-19,116.1500015258789,116.1500015258789,117.08000183105469,115.0199966430664,117.0,282500
2026-03-20,116.9000015258789,116.9000015258789,117.69000244140625,114.75,117.69000244140625,698500
2026-03-23,120.5,120.5,122.2300033569336,116.34500122070312,117.5999984741211,226100
2026-03-24,122.0,122.0,122.81999969482422,120.51499938964844,120.86000061035156,235600
2026-03-25,121.83999633789062,121.83999633789062,124.0,121.01499938964844,122.62999725341797,216900
2026-03-26,121.29000091552734,121.29000091552734,122.80500030517578,118.55999755859375,121.4000015258789,230300
2026-03-27,116.83000183105469,116.83000183105469,121.13999938964844,116.81999969482422,120.5999984741211,178500
2026-03-30,119.63999938964844,119.63999938964844,120.38099670410156,117.58999633789062,117.73999786376953,185900
2026-03-31,119.5,119.5,121.77999877929688,118.21499633789062,121.02999877929688,205900
2026-04-01,116.66000366210938,116.66000366210938,119.16999816894531,115.2300033569336,119.08000183105469,150900
2026-04-02,120.0999984741211,120.0999984741211,120.15499877929688,115.25,116.38999938964844,145400
2026-04-06,121.86000061035156,121.86000061035156,122.2300033569336,119.2750015258789,119.45999908447266,88500
2026-04-07,125.0999984741211,125.0999984741211,125.70999908447266,122.40299987792969,122.56999969482422,228900
2026-04-08,128.35000610351562,128.35000610351562,129.2100067138672,125.58000183105469,125.58000183105469,349000
2026-04-09,133.72000122070312,133.72000122070312,136.22000122070312,127.45999908447266,128.32000732421875,264500
2026-04-10,127.80000305175781,127.80000305175781,133.50999450683594,127.79000091552734,133.50999450683594,276300
2026-04-13,128.3800048828125,128.3800048828125,130.11300659179688,127.20999908447266,127.70999908447266,261800
2026-04-14,130.88999938964844,130.88999938964844,130.97000122070312,127.73999786376953,127.87999725341797,134600
2026-04-15,130.02999877929688,130.02999877929688,131.32000732421875,128.41000366210938,129.83999633789062,181000
2026-04-16,131.41000366210938,131.41000366210938,132.17999267578125,129.41000366210938,129.4600067138672,176900
2026-04-17,132.5500030517578,132.5500030517578,135.13499450683594,130.9250030517578,132.13999938964844,185800
2026-04-20,132.41000366210938,132.41000366210938,134.7899932861328,131.82000732421875,133.17999267578125,182500
2026-04-21,131.75,131.75,132.61000061035156,129.27000427246094,132.61000061035156,212700
2026-04-22,129.0399932861328,129.0399932861328,132.07000732421875,127.75,131.75,177300
2026-04-23,128.6999969482422,128.6999969482422,131.91000366210938,128.10000610351562,130.07000732421875,148300
2026-04-24,126.06999969482422,126.06999969482422,129.30499267578125,124.26000213623047,128.0800018310547,404300
2026-04-27,126.08999633789062,126.08999633789062,127.87999725341797,124.08000183105469,126.19000244140625,239200
2026-04-28,127.12000274658203,127.12000274658203,128.57000732421875,125.4749984741211,127.43000030517578,190700
2026-04-29,124.0,124.0,126.19999694824219,123.44000244140625,126.19999694824219,135500
